0.01000  1.00000e+13
0.08667  1.19378e+13
0.16333  1.42510e+13
0.24000  1.70125e+13
0.31667  2.03092e+13
0.39333  2.42446e+13
0.47000  2.89427e+13
0.54667  3.45511e+13
0.62333  4.12463e+13
0.70000  4.92388e+13
0.77667  5.87802e+13
0.85333  7.01704e+13
0.93000  8.37678e+13
1.00667  1.00000e+14
1.08333  1.19378e+14
1.16000  1.42510e+14
1.23667  1.70125e+14
1.31333  2.03092e+14
1.39000  2.42446e+14
1.46667  2.89427e+14
1.54333  3.45511e+14
1.62000  4.12463e+14
1.69667  4.92388e+14
1.77333  5.87802e+14
1.85000  7.01704e+14
1.92667  8.37678e+14
2.00333  1.00000e+15
2.08000  1.19378e+15
2.15667  1.42510e+15
2.23333  1.70125e+15
2.31000  2.03092e+15
2.38667  2.42446e+15
2.46333  2.89427e+15
2.54000  3.45511e+15
2.61667  4.12463e+15
2.69333  4.92388e+15
2.77000  5.87802e+15
2.84667  7.01704e+15
2.92333  8.37678e+15
3.00000  1.00000e+16
