2.182462355528734932e+01
2.338986140521207702e+01
2.515992429467027236e+01
2.713965112170173910e+01
2.933150005654348647e+01
3.173821341156244102e+01
3.436247680877876576e+01
3.720715868507435431e+01
4.027673014911461280e+01
4.357539083449590578e+01
4.710636090321153091e+01
5.087162005963939748e+01
5.487183496226013091e+01
5.910962411555738782e+01
6.358975719533761151e+01
6.831644268487843874e+01
7.329315735798191156e+01
7.852254919582209425e+01
8.400635618137458493e+01
8.974537304152978834e+01
