        1.29497 1.34446 1.39864 1.45800 1.52311 1.59458 1.67315 1.75961 1.85491 1.96006 2.07626 2.20485 2.34736 2.50553 2.68135 2.87709 3.09537 3.33918 3.61197 3.91770 4.26097 4.64708 5.08216 5.57337 6.12896 6.75855 7.47330 8.28629 9.21279 10.27072 11.48114 12.86884 14.46304 16.29831 18.41558 20.86343 23.69965 26.99311 30.82610 35.29713
        1.34744 1.40103 1.45966 1.52385 1.59421 1.67141 1.75622 1.84951 1.95227 2.06561 2.19082 2.32931 2.48274 2.65297 2.84214 3.05269 3.28741 3.54953 3.84273 4.17127 4.54008 4.95484 5.42214 5.94965 6.54623 7.22217 7.98949 8.86218 9.85664 10.99210 12.29115 13.78038 15.49115 17.46055 19.73249 22.35910 25.40239 28.93627 33.04902 37.84636
        1.40600 1.46413 1.52769 1.59724 1.67344 1.75700 1.84876 1.94966 2.06076 2.18326 2.31852 2.46811 2.63377 2.81753 3.02168 3.24886 3.50207 3.78477 4.10095 4.45519 4.85279 5.29987 5.80353 6.37202 7.01490 7.74326 8.57001 9.51024 10.58163 11.80487 13.20431 14.80859 16.65149 18.77297 21.22033 24.04975 27.32802 31.13478 35.56515 40.73304
        1.47092 1.53405 1.60304 1.67850 1.76114 1.85174 1.95118 2.06050 2.18083 2.31347 2.45990 2.62179 2.80104 2.99984 3.22065 3.46632 3.74011 4.04575 4.38754 4.77043 5.20014 5.68330 6.22756 6.84184 7.53646 8.32340 9.21662 10.23243 11.38990 12.71141 14.22326 15.95639 17.94733 20.23923 22.88322 25.94001 29.48178 33.59459 38.38126 43.96489
        1.54237 1.61096 1.68589 1.76783 1.85753 1.95583 2.06371 2.18227 2.31274 2.45653 2.61524 2.79067 2.98488 3.20024 3.43941 3.70548 4.00197 4.33292 4.70298 5.11752 5.58272 6.10574 6.69490 7.35982 8.11168 8.96346 9.93027 11.02975 12.28256 13.71294 15.34935 17.22530 19.38034 21.86120 24.72326 28.03224 31.86632 36.31871 41.50077 47.54581
        1.62047 1.69500 1.77640 1.86538 1.96277 2.06947 2.18655 2.31518 2.45672 2.61268 2.78480 2.97502 3.18559 3.41906 3.67832 3.96672 4.28806 4.64673 5.04776 5.49698 6.00107 6.56782 7.20620 7.92668 8.74137 9.66431 10.71190 11.90326 13.26080 14.81077 16.58404 18.61694 20.95235 23.64094 26.74275 30.32905 34.48461 39.31053 44.92754 51.48023
        1.70533 1.78629 1.87468 1.97129 2.07700 2.19281 2.31985 2.45942 2.61296 2.78214 2.96881 3.17510 3.40344 3.65658 3.93769 4.25036 4.59873 4.98756 5.42230 5.90926 6.45571 7.07007 7.76209 8.54310 9.42624 10.42676 11.56242 12.85398 14.32572 16.00614 17.92872 20.13288 22.66512 25.58043 28.94395 32.83300 37.33958 42.57336 48.66538 55.77253
        1.79705 1.88492 1.98084 2.08567 2.20036 2.32599 2.46378 2.61514 2.78164 2.96508 3.16747 3.39112 3.63866 3.91308 4.21779 4.55671 4.93433 5.35579 5.82701 6.35483 6.94714 7.61305 8.36316 9.20975 10.16707 11.25165 12.48277 13.88293 15.47849 17.30036 19.38486 21.77476 24.52051 27.68179 31.32925 35.54683 40.43433 46.11078 52.71838 60.42741
        1.89573 1.99103 2.09504 2.20870 2.33302 2.46919 2.61854 2.78258 2.96301 3.16178 3.38108 3.62341 3.89162 4.18893 4.51907 4.88626 5.29537 5.75198 6.26252 6.83437 7.47611 8.19761 9.01035 9.92766 10.96498 12.14024 13.47435 14.99170 16.72089 18.69543 20.95471 23.54513 26.52142 29.94828 33.90239 38.47477 43.77372 49.92835 57.09295 65.45224
        2.00151 2.10474 2.21740 2.34050 2.47514 2.62260 2.78432 2.96193 3.15729 3.37250 3.60992 3.87227 4.16263 4.48450 4.84190 5.23942 5.68233 6.17666 6.72938 7.34851 8.04331 8.82450 9.70451 10.69777 11.82104 13.09373 14.53849 16.18178 18.05458 20.19322 22.64039 25.44639 28.67054 32.38299 36.66686 41.62083 47.36232 54.03131 61.79508 70.85395
        2.11444 2.22613 2.34802 2.48119 2.62683 2.78633 2.96125 3.15335 3.36465 3.59740 3.85418 4.13791 4.45193 4.80004 5.18658 5.61651 6.09554 6.63020 7.22803 7.89771 8.64927 9.49430 10.44627 11.52081 12.73603 14.11299 15.67619 17.45429 19.48083 21.79515 24.44351 27.48035 30.96994 34.98826 39.62533 44.98806 51.20362 58.42367 66.82942 76.63787
        2.23457 2.35525 2.48694 2.63080 2.78815 2.96045 3.14940 3.35692 3.58516 3.83658 4.11395 4.42044 4.75965 5.13569 5.55325 6.01770 6.53520 7.11282 7.75871 8.48224 9.29428 10.20735 11.23601 12.39717 13.71044 15.19855 16.88803 18.80988 21.00037 23.50208 26.36502 29.64811 33.42087 37.76551 42.77945 48.57833 55.29979 63.10792 72.19881 82.80731
        2.36188 2.49207 2.63414 2.78934 2.95908 3.14495 3.34878 3.57263 3.81883 4.09004 4.38925 4.71988 5.08581 5.49148 5.94195 6.44302 7.00135 7.62456 8.32145 9.10217 9.97841 10.96372 12.07383 13.32699 14.74438 16.35056 18.17420 20.24876 22.61345 25.31426 28.40522 31.95001 36.02373 40.71522 46.12974 52.39227 59.65154 68.08489 77.90425 89.36342
        2.49642 2.63667 2.78970 2.95688 3.13971 3.33991 3.55947 3.80059 4.06579 4.35793 4.68023 5.03639 5.43058 5.86760 6.35289 6.89272 7.49425 8.16572 8.91661 9.75785 10.70206 11.76387 12.96023 14.31081 15.83848 17.56973 19.53547 21.77182 24.32107 27.23283 30.56542 34.38752 38.78019 43.83927 49.67837 56.43235 64.26172 73.35786 83.94950 96.31057
        2.63832 2.78916 2.95376 3.13356 3.33020 3.54554 3.78168 4.04102 4.32627 4.64049 4.98718 5.37028 5.79432 6.26443 6.78650 7.36725 8.01442 8.73686 9.54479 10.44997 11.46601 12.60865 13.89614 15.34970 16.99392 18.85737 20.97333 23.38072 26.12509 29.25990 32.84798 36.96333 41.69330 47.14116 53.42932 60.70312 69.13552 78.93279 90.34142 103.65662
        2.78767 2.94967 3.12644 3.31954 3.53072 3.76198 4.01559 4.29412 4.60048 4.93798 5.31034 5.72184 6.17732 6.68231 7.24313 7.86703 8.56230 9.33847 10.20654 11.17915 12.27093 13.49881 14.88242 16.44458 18.21175 20.21464 22.48908 25.07692 28.02717 31.39733 35.25502 39.67984 44.76577 50.62395 57.38608 65.20856 74.27752 84.81492 97.08603 111.40856
        2.94456 3.11828 3.30783 3.51490 3.74137 3.98936 4.26133 4.56004 4.88860 5.25056 5.64993 6.09128 6.57983 7.12151 7.72310 8.39237 9.13825 9.97097 10.90231 11.94587 13.11736 14.43495 15.91973 17.59620 19.49280 21.64251 24.08379 26.86162 30.02865 33.64665 37.78824 42.53898 47.99982 54.29017 61.55154 69.95198 79.69150 91.00860 104.18834 119.57215
        3.10905 3.29505 3.49801 3.71974 3.96223 4.22778 4.51902 4.83889 5.19074 5.57837 6.00608 6.47878 7.00204 7.58222 8.22661 8.94353 9.74255 10.63463 11.63243 12.75050 14.00571 15.41753 17.00858 18.80515 20.83772 23.14167 25.75826 28.73573 32.13055 36.00900 40.44897 45.54225 51.39713 58.14174 65.92789 74.93590 85.38034 97.51714 111.65217 128.15178
        3.28116 3.48002 3.69702 3.93408 4.19335 4.47729 4.78870 5.13073 5.50698 5.92149 6.37889 6.88442 7.44404 8.06457 8.75380 9.52065 10.37535 11.32966 12.39710 13.59327 14.93623 16.44683 18.14930 20.07177 22.24690 24.71258 27.51300 30.69982 34.33354 38.48513 43.23805 48.69060 54.95880 62.17991 70.51657 80.16194 91.34593 104.34272 119.48002 137.15038
        3.46089 3.67319 3.90486 4.15794 4.43475 4.73790 5.07038 5.43558 5.83732 6.27995 6.76838 7.30823 7.90587 8.56859 9.30472 10.12378 11.03672 12.05610 13.19639 14.47427 15.90902 17.52297 19.34200 21.39621 23.72051 26.35543 29.34822 32.75414 36.63788 41.07536 46.15583 51.98445 58.68532 66.40525 75.31822 85.63087 97.58913 111.48634 127.67307 146.56929
