2.000000000000000000e+00 -2.062575806505993401e-13
3.000000000000000000e+00 5.946531460898930576e-14
4.000000000000000000e+00 -1.428083653975051014e-13
5.000000000000000000e+00 7.363452887190799385e-14
6.000000000000000000e+00 3.780131979005835473e-15
7.000000000000000000e+00 -6.825788082095985180e-14
8.000000000000000000e+00 8.763414106536281246e-14
9.000000000000000000e+00 -3.419329075455049027e-14
1.000000000000000000e+01 -3.080382839825581961e-14
1.100000000000000000e+01 -2.059826194903560256e-14
1.200000000000000000e+01 4.280911505145565449e-15
1.300000000000000000e+01 3.592991185898669059e-14
1.400000000000000000e+01 2.359526236122280019e-14
1.500000000000000000e+01 6.169996838807400331e-15
1.600000000000000000e+01 2.186601307268417490e-15
1.700000000000000000e+01 5.808905652788009519e-15
1.800000000000000000e+01 -4.484886353248395750e-16
1.900000000000000000e+01 1.346681562642013717e-14
2.000000000000000000e+01 1.270306945396959861e-14
2.100000000000000000e+01 -1.220569646837765564e-15
2.200000000000000000e+01 -7.089181085072517572e-16
2.300000000000000000e+01 -1.933675908106663070e-14
2.400000000000000000e+01 3.676803777661833059e-15
2.500000000000000000e+01 1.010783022035533763e-14
2.600000000000000000e+01 -1.788693505942239961e-15
2.700000000000000000e+01 2.664929469567931607e-15
2.800000000000000000e+01 1.226187566185419662e-14
2.900000000000000000e+01 2.292276117076206720e-15
3.000000000000000000e+01 -7.394164090134857630e-15
3.100000000000000000e+01 -1.679035795132436860e-15
3.200000000000000000e+01 2.241764026095060451e-15
3.300000000000000000e+01 1.099312297574010230e-14
3.400000000000000000e+01 -9.979515937356105105e-15
3.500000000000000000e+01 -5.110696779687191197e-15
3.600000000000000000e+01 -9.349668023487562632e-15
3.700000000000000000e+01 -4.150565196404988973e-16
3.800000000000000000e+01 -2.609034797959467340e-15
3.900000000000000000e+01 1.571059597458859727e-15
4.000000000000000000e+01 4.782385874737638222e-15
4.100000000000000000e+01 8.335961797906674306e-15
4.200000000000000000e+01 2.254512321466948781e-15
4.300000000000000000e+01 -6.601411884140851759e-16
4.400000000000000000e+01 1.908763296232479277e-15
4.500000000000000000e+01 3.242222655319368337e-15
4.600000000000000000e+01 2.375332947318966427e-15
4.700000000000000000e+01 -2.621257426187230130e-15
4.800000000000000000e+01 -2.802464173038315747e-15
4.900000000000000000e+01 4.226244453009785786e-15
5.000000000000000000e+01 2.430439677907216079e-15
5.100000000000000000e+01 -1.982466752076704969e-15
5.200000000000000000e+01 -1.592468667608919665e-15
5.300000000000000000e+01 4.624422374437502612e-15
5.400000000000000000e+01 -2.374951352508881607e-15
5.500000000000000000e+01 -5.087407575511480067e-15
5.600000000000000000e+01 8.394977273043451888e-16
5.700000000000000000e+01 1.537042054464635059e-15
5.800000000000000000e+01 -1.871075642584335168e-15
5.900000000000000000e+01 -8.451419348146987522e-16
6.000000000000000000e+01 -4.707963269626319240e-15
6.100000000000000000e+01 3.651425245268853974e-16
6.200000000000000000e+01 3.980123512618970711e-15
6.300000000000000000e+01 -3.371056141306852515e-15
6.400000000000000000e+01 2.206921154023613609e-15
6.500000000000000000e+01 1.156434597832696268e-15
6.600000000000000000e+01 -6.476594123003905650e-15
6.700000000000000000e+01 2.277801655827428072e-15
6.800000000000000000e+01 1.856936630467917107e-16
6.900000000000000000e+01 -2.738004299445747446e-15
7.000000000000000000e+01 -3.639655140729251961e-15
7.100000000000000000e+01 1.254006024013085866e-15
7.200000000000000000e+01 3.152405747298688079e-15
7.300000000000000000e+01 6.556568760082532392e-16
7.400000000000000000e+01 -4.040789371360912905e-15
7.500000000000000000e+01 4.211971282240824041e-16
7.600000000000000000e+01 4.218008376016656500e-16
7.700000000000000000e+01 8.953808261689670402e-16
7.800000000000000000e+01 -3.944001069285856052e-15
7.900000000000000000e+01 -1.495854885510566701e-15
8.000000000000000000e+01 -8.044944180850554131e-16
8.100000000000000000e+01 -3.283734981195318730e-16
8.200000000000000000e+01 -1.646092237636211511e-15
8.300000000000000000e+01 2.834876676487576145e-15
8.400000000000000000e+01 5.400747696303303596e-16
8.500000000000000000e+01 3.006947881702514545e-15
8.600000000000000000e+01 2.856106366710463280e-16
8.700000000000000000e+01 7.516325905427129082e-16
8.800000000000000000e+01 1.826784994336689821e-15
8.900000000000000000e+01 -1.836984135171343121e-15
9.000000000000000000e+01 1.300984456331020627e-15
9.100000000000000000e+01 1.879660321725869297e-15
9.200000000000000000e+01 7.490415611670709522e-16
9.300000000000000000e+01 -2.506413840845007524e-16
9.400000000000000000e+01 1.562937984206591390e-15
9.500000000000000000e+01 2.408748418613734565e-15
9.600000000000000000e+01 -1.460876083529025763e-15
9.700000000000000000e+01 -6.407073282129321557e-16
9.800000000000000000e+01 1.171297617944828514e-16
9.900000000000000000e+01 4.603724285030678810e-16
1.000000000000000000e+02 8.386628559601002069e-16
1.010000000000000000e+02 -4.495219352140104716e-16
1.020000000000000000e+02 1.223721120403003486e-16
1.030000000000000000e+02 2.330948954553053827e-16
1.040000000000000000e+02 4.119530712777412775e-15
1.050000000000000000e+02 2.791365726846980762e-15
1.060000000000000000e+02 1.496079700380350765e-15
1.070000000000000000e+02 -2.334419767052846639e-15
1.080000000000000000e+02 -5.877490852906970210e-16
1.090000000000000000e+02 -2.782403508849575713e-16
1.100000000000000000e+02 -3.970399153092846071e-15
1.110000000000000000e+02 -6.915980454756354921e-16
1.120000000000000000e+02 1.731068615650262971e-15
1.130000000000000000e+02 -3.135155491220869803e-15
1.140000000000000000e+02 2.250512221947297578e-15
1.150000000000000000e+02 1.182616849678700159e-15
1.160000000000000000e+02 -2.521573707972586249e-15
1.170000000000000000e+02 8.623597628148709392e-17
1.180000000000000000e+02 -7.524594151662430784e-16
1.190000000000000000e+02 7.782564554668813078e-16
1.200000000000000000e+02 1.946136301503720822e-16
1.210000000000000000e+02 2.719464671604930969e-15
1.220000000000000000e+02 -1.922010402613267186e-15
1.230000000000000000e+02 2.076160249200711291e-15
1.240000000000000000e+02 2.167595647975951293e-15
1.250000000000000000e+02 6.354330825597675439e-16
1.260000000000000000e+02 -1.542624483395773636e-15
1.270000000000000000e+02 7.464701285674067597e-16
1.280000000000000000e+02 -1.121798550162926471e-15
1.290000000000000000e+02 -9.460042794514996952e-16
1.300000000000000000e+02 1.941859744339547516e-15
1.310000000000000000e+02 -1.292709514950204087e-15
1.320000000000000000e+02 -1.574176617571564959e-15
1.330000000000000000e+02 3.646173334542387738e-16
1.340000000000000000e+02 7.951579390202401184e-18
1.350000000000000000e+02 3.519804448190193842e-15
1.360000000000000000e+02 6.247887817225410577e-16
1.370000000000000000e+02 6.486848371992883314e-16
1.380000000000000000e+02 2.989361365819994362e-15
1.390000000000000000e+02 -1.144787247307031324e-15
1.400000000000000000e+02 2.388406648353910281e-15
1.410000000000000000e+02 1.834770130037952896e-15
1.420000000000000000e+02 -2.308710643506009741e-15
1.430000000000000000e+02 -8.289723463803222966e-16
1.440000000000000000e+02 -7.870816541581957403e-16
1.450000000000000000e+02 -7.851286441909644183e-16
1.460000000000000000e+02 2.421958112986830479e-15
1.470000000000000000e+02 -1.913115026975341551e-15
1.480000000000000000e+02 6.996103834855754739e-16
1.490000000000000000e+02 -2.337331788038099016e-16
1.500000000000000000e+02 1.037691230081360433e-15
1.510000000000000000e+02 1.238285934453109352e-15
1.520000000000000000e+02 1.703312696041045311e-15
1.530000000000000000e+02 -1.319972058335401582e-15
1.540000000000000000e+02 -1.390045139562106530e-15
1.550000000000000000e+02 1.790241263030445551e-16
1.560000000000000000e+02 -3.368985959391375451e-16
1.570000000000000000e+02 -1.065375474666195869e-15
1.580000000000000000e+02 1.397873875626266482e-15
1.590000000000000000e+02 -1.290179360342956203e-15
1.600000000000000000e+02 -1.132144001824421455e-16
1.610000000000000000e+02 -4.285766526908583048e-16
1.620000000000000000e+02 -4.378280480565199840e-16
1.630000000000000000e+02 -2.034112352051070011e-16
1.640000000000000000e+02 1.142659755298822442e-15
1.650000000000000000e+02 7.426890066943999849e-16
1.660000000000000000e+02 1.503463083714945009e-15
1.670000000000000000e+02 8.261608948100372993e-16
1.680000000000000000e+02 -1.566725072405871164e-15
1.690000000000000000e+02 -2.305303582956148124e-15
1.700000000000000000e+02 2.408146719290585762e-15
1.710000000000000000e+02 3.251228842962931475e-16
1.720000000000000000e+02 -1.501390820710724210e-15
1.730000000000000000e+02 -1.193473658557907416e-15
1.740000000000000000e+02 -1.642531217192366006e-15
1.750000000000000000e+02 8.732591986475182521e-16
1.760000000000000000e+02 1.657923026586657806e-15
1.770000000000000000e+02 -1.732000430120885896e-15
1.780000000000000000e+02 -5.114759444470569424e-16
1.790000000000000000e+02 1.776768643299444781e-15
1.800000000000000000e+02 -2.142115988317882033e-15
1.810000000000000000e+02 1.654735026182406505e-16
1.820000000000000000e+02 1.412138017029241997e-15
1.830000000000000000e+02 -5.343701391459454782e-16
1.840000000000000000e+02 9.560156011976294032e-16
1.850000000000000000e+02 -9.270210517108705192e-16
1.860000000000000000e+02 -4.249954259797473360e-16
1.870000000000000000e+02 5.709367223452990150e-16
1.880000000000000000e+02 2.655216298553740142e-16
1.890000000000000000e+02 -7.830854885496077292e-16
1.900000000000000000e+02 -9.047301716943341678e-16
1.910000000000000000e+02 -6.302068645859346136e-16
1.920000000000000000e+02 -4.175131718739633134e-16
1.930000000000000000e+02 -5.756877385863586007e-16
1.940000000000000000e+02 4.611041598416855548e-16
1.950000000000000000e+02 -1.813387639304972718e-16
1.960000000000000000e+02 -1.333852716977247786e-15
1.970000000000000000e+02 -5.824581529812179116e-16
1.980000000000000000e+02 -4.904251181298572681e-16
1.990000000000000000e+02 2.654171633524057021e-15
2.000000000000000000e+02 1.828316980932512721e-15
2.010000000000000000e+02 2.242056609087659693e-15
2.020000000000000000e+02 1.466521800918099678e-15
2.030000000000000000e+02 2.541790099443787994e-16
2.040000000000000000e+02 7.427280450229302126e-16
2.050000000000000000e+02 2.596625640052173532e-16
2.060000000000000000e+02 -3.377993390213658413e-16
2.070000000000000000e+02 3.144636464076427785e-16
2.080000000000000000e+02 -1.493484069592386123e-15
2.090000000000000000e+02 -8.851870948013123878e-16
2.100000000000000000e+02 -1.172334166663757249e-15
2.110000000000000000e+02 3.344778826571365075e-16
2.120000000000000000e+02 8.255023962458482899e-17
2.130000000000000000e+02 -1.920918837982694250e-16
2.140000000000000000e+02 -1.091383147522732232e-15
2.150000000000000000e+02 2.829429664899827429e-18
2.160000000000000000e+02 -1.872356918792912535e-16
2.170000000000000000e+02 -1.050593554851665484e-15
2.180000000000000000e+02 -6.743119955227537082e-16
2.190000000000000000e+02 4.550432285114019244e-17
2.200000000000000000e+02 1.231820974300276027e-15
2.210000000000000000e+02 3.283432202156605088e-16
2.220000000000000000e+02 -1.278432732537231918e-15
2.230000000000000000e+02 7.373498037658434346e-17
2.240000000000000000e+02 -1.478203784493688706e-15
2.250000000000000000e+02 -3.193506534814203074e-16
2.260000000000000000e+02 2.339984422552951701e-15
2.270000000000000000e+02 1.314208020918300084e-16
2.280000000000000000e+02 4.430423016216136139e-16
2.290000000000000000e+02 5.359474124254767385e-16
2.300000000000000000e+02 -3.980053039611778081e-16
2.310000000000000000e+02 1.050473958354065846e-16
2.320000000000000000e+02 4.073596125728589443e-16
2.330000000000000000e+02 -1.010394570843909001e-15
2.340000000000000000e+02 2.061430562686471926e-16
2.350000000000000000e+02 1.098668778812948325e-15
2.360000000000000000e+02 4.316806386410260150e-19
2.370000000000000000e+02 9.353702822867336238e-16
2.380000000000000000e+02 1.426405334542812005e-15
2.390000000000000000e+02 3.192889057028004772e-16
2.400000000000000000e+02 -5.218944314055712365e-16
2.410000000000000000e+02 -9.416127555040675517e-16
2.420000000000000000e+02 -7.733898333842173377e-17
2.430000000000000000e+02 6.540628794147103669e-16
2.440000000000000000e+02 6.882026812794220773e-17
2.450000000000000000e+02 -9.483500922762976911e-18
2.460000000000000000e+02 5.730361955872919889e-16
2.470000000000000000e+02 -1.537136881954425115e-15
2.480000000000000000e+02 -4.953765240803629268e-16
2.490000000000000000e+02 3.203901746252382003e-16
2.500000000000000000e+02 9.473791975696360754e-17
2.510000000000000000e+02 9.966738535571641136e-16
2.520000000000000000e+02 -3.611936373084243835e-16
2.530000000000000000e+02 2.639392734436718387e-16
2.540000000000000000e+02 1.051804095721389735e-15
2.550000000000000000e+02 8.407494408478727366e-16
2.560000000000000000e+02 1.444910067771508009e-16
2.570000000000000000e+02 -1.286790719464270773e-15
2.580000000000000000e+02 -5.253504638963013176e-16
2.590000000000000000e+02 4.200921714537981026e-17
2.600000000000000000e+02 -1.762002517188251514e-16
2.610000000000000000e+02 -4.732928614490356440e-16
2.620000000000000000e+02 -1.157244891859080050e-15
2.630000000000000000e+02 -1.606529681945855342e-16
2.640000000000000000e+02 4.141789394095412123e-16
2.650000000000000000e+02 3.317836859547199129e-16
2.660000000000000000e+02 2.266631223956399135e-16
2.670000000000000000e+02 -1.049901779399053687e-15
2.680000000000000000e+02 -2.451484835429175305e-16
2.690000000000000000e+02 1.200617330569718758e-15
2.700000000000000000e+02 3.605300118213002768e-16
2.710000000000000000e+02 6.903718501006902816e-16
2.720000000000000000e+02 1.381838416102115230e-16
2.730000000000000000e+02 -3.570061758893577717e-17
2.740000000000000000e+02 5.171901579554946961e-16
2.750000000000000000e+02 -3.519642540200440259e-16
2.760000000000000000e+02 -2.572409663028651572e-16
2.770000000000000000e+02 1.263142682444729211e-15
2.780000000000000000e+02 5.149858700241872312e-16
2.790000000000000000e+02 5.512915838784731390e-16
2.800000000000000000e+02 -2.731850521817587800e-16
2.810000000000000000e+02 -7.415286471851740816e-16
2.820000000000000000e+02 -5.055336685249935814e-16
2.830000000000000000e+02 -6.018572261215821353e-17
2.840000000000000000e+02 -1.354951450387071951e-15
2.850000000000000000e+02 -5.241877796035187549e-16
2.860000000000000000e+02 -1.811796638648862303e-16
2.870000000000000000e+02 1.334148613542075591e-16
2.880000000000000000e+02 -2.064961762559448753e-17
2.890000000000000000e+02 8.882877192356735566e-16
2.900000000000000000e+02 -8.042785079293968089e-16
2.910000000000000000e+02 -8.162329812182491455e-16
2.920000000000000000e+02 -1.406336430798859217e-16
2.930000000000000000e+02 -4.877117353452220727e-16
2.940000000000000000e+02 4.070469048879324898e-16
2.950000000000000000e+02 -5.464212439070087464e-16
2.960000000000000000e+02 1.400363904108747146e-16
2.970000000000000000e+02 1.823650264102746710e-16
2.980000000000000000e+02 -3.121665136668746092e-16
2.990000000000000000e+02 5.854584626786475926e-17
3.000000000000000000e+02 -1.109874023236956686e-16
3.010000000000000000e+02 -5.507453009720226818e-17
3.020000000000000000e+02 -3.564877873732375018e-16
3.030000000000000000e+02 6.974158367719257438e-17
3.040000000000000000e+02 -1.961424194365296482e-16
3.050000000000000000e+02 2.140554600183821111e-16
3.060000000000000000e+02 -4.297797666195808997e-17
3.070000000000000000e+02 -5.191758932785276531e-16
3.080000000000000000e+02 -1.034543087323347523e-16
3.090000000000000000e+02 6.401470574499324737e-16
3.100000000000000000e+02 4.666127418177253481e-16
3.110000000000000000e+02 -2.022742228501656530e-16
3.120000000000000000e+02 1.147101219228034149e-16
3.130000000000000000e+02 5.473662672009675217e-16
3.140000000000000000e+02 2.802042054149425910e-16
3.150000000000000000e+02 1.644895841249736299e-16
3.160000000000000000e+02 -6.091544944448233137e-17
3.170000000000000000e+02 -7.329204503142837165e-17
3.180000000000000000e+02 1.026147110992094423e-16
3.190000000000000000e+02 -1.101767217106275639e-16
3.200000000000000000e+02 2.127275619334695594e-16
3.210000000000000000e+02 -3.330104936711227067e-16
3.220000000000000000e+02 1.206387517219999856e-16
3.230000000000000000e+02 3.345852681457971282e-16
3.240000000000000000e+02 1.404135357217674001e-16
3.250000000000000000e+02 4.554764955731276600e-16
3.260000000000000000e+02 2.309511301904380527e-16
3.270000000000000000e+02 -3.074973785002501339e-16
3.280000000000000000e+02 -1.066137073735620922e-17
3.290000000000000000e+02 2.781505087937053600e-16
3.300000000000000000e+02 -8.863530659310611804e-17
3.310000000000000000e+02 -2.169050444323341771e-16
3.320000000000000000e+02 4.331979781240256338e-17
3.330000000000000000e+02 -3.704813864486913369e-16
3.340000000000000000e+02 -3.040478852349916713e-16
3.350000000000000000e+02 -5.278767714558194928e-17
3.360000000000000000e+02 8.582593233020428358e-17
3.370000000000000000e+02 3.787758370882070382e-16
3.380000000000000000e+02 2.213320328205733436e-16
3.390000000000000000e+02 8.877734775673631672e-17
3.400000000000000000e+02 1.762587665344031695e-16
3.410000000000000000e+02 1.964684537581104495e-16
3.420000000000000000e+02 2.594033267621903042e-16
3.430000000000000000e+02 1.006812153171396304e-16
3.440000000000000000e+02 -5.291098493391625033e-16
3.450000000000000000e+02 3.515125302329454036e-16
3.460000000000000000e+02 6.739289607410180961e-17
3.470000000000000000e+02 -2.272751336438686317e-16
3.480000000000000000e+02 -2.243411900184345410e-16
3.490000000000000000e+02 1.721397631441075334e-16
3.500000000000000000e+02 -1.851802971776176170e-17
3.510000000000000000e+02 -1.026995213334720506e-17
3.520000000000000000e+02 4.290954298540367171e-16
3.530000000000000000e+02 4.880993275589952400e-17
3.540000000000000000e+02 -1.914837311013191708e-16
3.550000000000000000e+02 2.004721787590092439e-16
3.560000000000000000e+02 1.595202342672169079e-16
3.570000000000000000e+02 -1.232283017646321646e-16
3.580000000000000000e+02 -6.820795106829758679e-18
3.590000000000000000e+02 2.796991705999480856e-16
3.600000000000000000e+02 -3.181889883324138017e-16
3.610000000000000000e+02 -2.057135171417489534e-16
3.620000000000000000e+02 -2.105222711402176322e-16
3.630000000000000000e+02 1.470257808895959681e-16
3.640000000000000000e+02 3.099957430413419771e-17
3.650000000000000000e+02 -2.360237435351913550e-16
3.660000000000000000e+02 -9.015163986508881928e-17
3.670000000000000000e+02 3.117527824394163988e-16
3.680000000000000000e+02 -1.659075593707281344e-16
3.690000000000000000e+02 -1.082611160261341475e-16
3.700000000000000000e+02 -5.093301129836209545e-16
3.710000000000000000e+02 2.080373428515467998e-16
3.720000000000000000e+02 8.831086604166687978e-17
3.730000000000000000e+02 -2.796389808626041456e-16
3.740000000000000000e+02 1.095310287216238736e-16
3.750000000000000000e+02 3.419963790958597413e-16
3.760000000000000000e+02 6.169829950451421682e-17
3.770000000000000000e+02 -2.404123050627468590e-16
3.780000000000000000e+02 -1.704228204371308539e-16
3.790000000000000000e+02 -1.281365901965397101e-16
3.800000000000000000e+02 -1.723155735517192477e-17
3.810000000000000000e+02 -1.597217433012069894e-16
3.820000000000000000e+02 3.444607392412676108e-16
3.830000000000000000e+02 1.111005850910300756e-16
3.840000000000000000e+02 2.907004344145698952e-16
3.850000000000000000e+02 1.133697831789135604e-16
3.860000000000000000e+02 -2.463392653582564071e-16
3.870000000000000000e+02 -8.379898233649122167e-17
3.880000000000000000e+02 -2.437101283432937590e-17
3.890000000000000000e+02 -2.600864196897517289e-17
3.900000000000000000e+02 4.285248631304975436e-16
3.910000000000000000e+02 1.328201776397386475e-16
3.920000000000000000e+02 -1.758131539469024334e-16
3.930000000000000000e+02 -7.777419808398339964e-17
3.940000000000000000e+02 4.029103416091288395e-16
3.950000000000000000e+02 5.399863385873207766e-17
3.960000000000000000e+02 2.053834823956769521e-16
3.970000000000000000e+02 -4.651662156859628953e-18
3.980000000000000000e+02 -1.486063961472118884e-16
3.990000000000000000e+02 1.311005973961754192e-16
4.000000000000000000e+02 -1.349441770983878976e-16
4.010000000000000000e+02 1.614894832199028330e-16
4.020000000000000000e+02 1.935229782321563195e-16
4.030000000000000000e+02 -1.420840404093457620e-16
4.040000000000000000e+02 -1.721529550142041873e-16
4.050000000000000000e+02 -2.599814425858748290e-16
4.060000000000000000e+02 -2.063045905701532686e-17
4.070000000000000000e+02 -1.827270448295508515e-16
4.080000000000000000e+02 -4.826469864073059162e-17
4.090000000000000000e+02 1.393098245784195155e-16
4.100000000000000000e+02 8.639728232564281215e-17
4.110000000000000000e+02 4.114820369041552743e-17
4.120000000000000000e+02 8.453729425092887695e-17
4.130000000000000000e+02 -1.819825913384305706e-16
4.140000000000000000e+02 4.696458570354167566e-17
4.150000000000000000e+02 1.016047861412798338e-16
4.160000000000000000e+02 -1.177872255913767944e-16
4.170000000000000000e+02 1.129041069477484772e-16
4.180000000000000000e+02 -2.098482571345330106e-16
4.190000000000000000e+02 -1.508463834476290590e-16
4.200000000000000000e+02 3.402482411069443426e-16
4.210000000000000000e+02 -9.689775411195856629e-18
4.220000000000000000e+02 -6.696836309798546368e-17
4.230000000000000000e+02 -6.310927275935063136e-17
4.240000000000000000e+02 -1.606091163220288679e-18
4.250000000000000000e+02 -7.735711864545185981e-17
4.260000000000000000e+02 9.449299254085578342e-17
4.270000000000000000e+02 -2.850716891919042939e-17
4.280000000000000000e+02 1.833040009633618594e-17
4.290000000000000000e+02 -4.288860256968990797e-16
4.300000000000000000e+02 -2.539661636700587721e-16
4.310000000000000000e+02 2.493717012776582884e-16
4.320000000000000000e+02 -1.805866955386648392e-16
4.330000000000000000e+02 6.050233905670936149e-17
4.340000000000000000e+02 -1.674709171133594948e-16
4.350000000000000000e+02 -6.195073243425014909e-17
4.360000000000000000e+02 -2.425146919904320575e-16
4.370000000000000000e+02 -3.406069897414902088e-16
4.380000000000000000e+02 2.561926603543972329e-16
4.390000000000000000e+02 -2.232641524911762899e-16
4.400000000000000000e+02 -1.709972441081300775e-16
4.410000000000000000e+02 -2.060283496898633653e-17
4.420000000000000000e+02 4.530278363894473687e-17
4.430000000000000000e+02 -3.453960812826241363e-17
4.440000000000000000e+02 7.837018783154769081e-19
4.450000000000000000e+02 1.962957890036645337e-16
4.460000000000000000e+02 6.089468352880527249e-17
4.470000000000000000e+02 -3.137271435695626430e-17
4.480000000000000000e+02 -1.017546361423884569e-16
4.490000000000000000e+02 -2.093949398239599299e-16
4.500000000000000000e+02 3.165388360234842853e-16
4.510000000000000000e+02 1.680787867997735420e-16
4.520000000000000000e+02 -2.829586213523707938e-16
4.530000000000000000e+02 6.980580477159100501e-17
4.540000000000000000e+02 6.363439139557155600e-17
4.550000000000000000e+02 4.067613077577548079e-19
4.560000000000000000e+02 -5.432007648740604313e-17
4.570000000000000000e+02 2.206660184059108010e-16
4.580000000000000000e+02 6.265233410591101930e-17
4.590000000000000000e+02 -1.002055105390207557e-16
4.600000000000000000e+02 8.911472336726134541e-18
4.610000000000000000e+02 4.526514725207219434e-18
4.620000000000000000e+02 1.626601352043290899e-16
4.630000000000000000e+02 4.977996622632333683e-17
4.640000000000000000e+02 3.930456133577969064e-17
4.650000000000000000e+02 -8.336616128725620596e-18
4.660000000000000000e+02 1.800753093755070561e-16
4.670000000000000000e+02 -1.952638135895163022e-16
4.680000000000000000e+02 6.838794826201519232e-17
4.690000000000000000e+02 -1.318850075464695979e-16
4.700000000000000000e+02 4.091108854369348763e-17
4.710000000000000000e+02 -1.673873790159221495e-16
4.720000000000000000e+02 3.117265868135043601e-16
4.730000000000000000e+02 8.152412526414915035e-17
4.740000000000000000e+02 -2.326322331358381479e-16
4.750000000000000000e+02 -6.305956926150713552e-17
4.760000000000000000e+02 -3.174315323680683217e-17
4.770000000000000000e+02 -1.499142026389654531e-16
4.780000000000000000e+02 1.376424207086653670e-16
4.790000000000000000e+02 -4.626057640197132920e-17
4.800000000000000000e+02 6.020012955158489736e-17
4.810000000000000000e+02 -5.957888560191151033e-17
4.820000000000000000e+02 -2.813249023230493370e-16
4.830000000000000000e+02 5.816566369404432000e-18
4.840000000000000000e+02 8.995814959099116289e-17
4.850000000000000000e+02 2.458528086015676582e-17
4.860000000000000000e+02 -7.484193290622530013e-17
4.870000000000000000e+02 1.783604706743189845e-16
4.880000000000000000e+02 9.363581001884707683e-17
4.890000000000000000e+02 -2.173530203959399579e-16
4.900000000000000000e+02 3.855631855824848749e-17
4.910000000000000000e+02 1.420361770168551222e-16
4.920000000000000000e+02 -1.575872589984306286e-16
4.930000000000000000e+02 -6.875512973849884317e-17
4.940000000000000000e+02 3.481077329695510778e-16
4.950000000000000000e+02 1.350527419178642005e-17
4.960000000000000000e+02 6.383713299638900299e-17
4.970000000000000000e+02 -1.657616266856893162e-16
4.980000000000000000e+02 -1.866620437659044335e-16
4.990000000000000000e+02 8.562948415842632587e-18
5.000000000000000000e+02 -4.472731447991558353e-17
5.010000000000000000e+02 -4.672120525998957215e-18
5.020000000000000000e+02 1.527242825034051800e-16
5.030000000000000000e+02 1.132415363824299003e-17
5.040000000000000000e+02 -5.919769113390071721e-17
5.050000000000000000e+02 -4.216172548657148084e-16
5.060000000000000000e+02 3.161181752358706733e-16
5.070000000000000000e+02 9.329002914706274888e-17
5.080000000000000000e+02 -3.090706267224805939e-16
5.090000000000000000e+02 1.487129208115424400e-17
5.100000000000000000e+02 1.075820390812400613e-16
5.110000000000000000e+02 -2.432640503316517857e-17
5.120000000000000000e+02 -1.892842308271009808e-17
