    2  -0.4155377522859754E-12
    3  -0.1827024926444938E-12
    4  -0.1327343620157230E-12
    5  -0.3715156329493180E-12
    6   0.1169876738023000E-13
    7  -0.4791459034520386E-13
    8   0.1609555793559466E-15
    9  -0.3475221362120757E-13
   10  -0.4041331814723664E-13
   11   0.5784061851243210E-13
   12   0.3932215766489890E-13
   13   0.6228596645579568E-14
   14  -0.2729364127385219E-14
   15   0.8469076455005256E-14
   16  -0.3171364288999486E-13
   17   0.1741382579360394E-13
   18   0.1900603535416645E-13
   19  -0.2709302117362127E-14
   20   0.8979775852573798E-14
   21  -0.4822881929679185E-14
   22   0.1671767488726935E-13
   23   0.2849938230855993E-14
   24   0.8350005104161724E-14
   25   0.1838252235594187E-14
   26  -0.3899718493610465E-14
   27  -0.2600011485844101E-14
   28  -0.5552886305627502E-15
   29  -0.3911360374831151E-14
   30  -0.2071118004211360E-15
   31  -0.5511502143157557E-14
   32   0.8372638592537609E-14
   33   0.2071813263518529E-14
   34  -0.6920352618946656E-14
   35   0.1632497664924168E-14
   36  -0.6298556029253183E-14
   37   0.1348023626567680E-14
   38  -0.1869290616297108E-14
   39  -0.1820370151541441E-14
   40   0.2788884679182819E-15
   41   0.2287992539816071E-15
   42   0.1085796999892491E-14
   43  -0.9965487583063221E-16
   44   0.5675355420638896E-15
   45  -0.1697933497465690E-14
   46  -0.1447121248081696E-15
   47  -0.4184104272318933E-14
   48   0.1843801607598699E-14
   49   0.2439760297490905E-14
   50  -0.8020356258149447E-15
   51   0.1539364204440489E-14
   52  -0.1905122214222345E-15
   53  -0.1326946197787772E-14
   54  -0.1297376775338066E-14
   55   0.1012745446617838E-14
   56  -0.2650631352882227E-14
   57  -0.1774448316716883E-14
   58   0.5011044707276848E-14
   59   0.5312917969785461E-15
   60   0.6264282624510747E-15
   61   0.6944721760698234E-15
   62  -0.7624253600384085E-15
   63   0.5816243769818379E-15
   64  -0.2824912820943534E-14
   65   0.1477276923395966E-14
   66   0.1301524615180564E-14
   67  -0.1163308774837550E-14
   68  -0.1313927077137383E-14
   69   0.6308292720800742E-15
   70  -0.1628156031696857E-15
   71   0.3415713873550238E-15
   72  -0.6528123927306106E-15
   73   0.3273978863283196E-14
   74  -0.3135997843829293E-14
   75  -0.1522463606796568E-14
   76  -0.6078642705348049E-16
   77   0.1280575441177465E-14
   78   0.1364147367993321E-14
   79   0.4085130581038163E-15
   80   0.1047184815362609E-14
   81  -0.2792893309326209E-14
   82   0.1093472819801415E-14
   83   0.4620287464302191E-15
   84   0.6023835532113332E-15
   85  -0.9317266596474451E-15
   86  -0.1501333610276383E-14
   87   0.1405326836374376E-14
   88  -0.3161032741610968E-15
   89  -0.6666683332082792E-15
   90  -0.1102557331886762E-15
   91  -0.1354170250293721E-14
   92   0.6479029904873446E-15
   93   0.8354186332165770E-15
   94   0.1261880660773859E-14
   95   0.9600245324031063E-15
   96  -0.1335545970293126E-14
   97   0.1629567055268239E-15
   98  -0.4840205060782650E-15
   99   0.6471039529887091E-15
  100  -0.9750255490590724E-16
  101  -0.1795040907911930E-14
  102   0.5333960219794861E-16
  103  -0.3951417838775890E-15
  104  -0.6420113279304745E-15
  105  -0.6601797616557779E-15
  106   0.3567161471453182E-14
  107   0.8661941604590229E-15
  108  -0.1154208171499683E-14
  109   0.8614815582512080E-15
  110  -0.1768163356071000E-15
  111   0.3984176797257025E-15
  112  -0.2596496287417076E-14
  113  -0.1497930023951906E-14
  114   0.4984454893488682E-15
  115   0.2012146882393909E-14
  116  -0.8159659306868790E-15
  117  -0.2478853885561745E-14
  118  -0.9839967508943679E-15
  119   0.1892965394668608E-14
  120   0.4455843610298789E-15
  121  -0.1991766564099095E-14
  122   0.1399566698603219E-14
  123   0.4611575970056851E-15
  124  -0.3524620560224988E-15
  125   0.4048720168349247E-15
  126  -0.1414261421730188E-14
  127  -0.4321989793072135E-15
  128   0.1488954828514676E-14
  129  -0.1584402851236580E-14
  130  -0.6422635841931997E-15
  131   0.3861725926432866E-15
  132   0.4941437139693163E-15
  133   0.5186618516494765E-15
  134  -0.7331292139127053E-15
  135   0.1559846311643649E-14
  136  -0.7168599593106981E-15
  137   0.2719769053031378E-15
  138   0.4682858342911442E-16
  139   0.4319171091907110E-15
  140   0.3629924074254482E-15
  141  -0.4847042463552643E-15
  142  -0.8403540857411783E-15
  143   0.1400978449479545E-15
  144   0.4466311004319175E-15
  145   0.2130968470170746E-15
  146   0.3962807448137877E-15
  147  -0.6424643673471227E-15
  148   0.1530699272112182E-15
  149  -0.9441283326996916E-15
  150   0.4563886718675231E-15
  151   0.4645415403442517E-15
  152  -0.1549462846948624E-15
  153  -0.1022516494382987E-15
  154  -0.1676217533680012E-14
  155  -0.1556284127145486E-15
  156   0.7969880903671992E-15
  157  -0.5457492861707690E-16
  158   0.9467793354577804E-15
  159   0.4299671065151145E-15
  160  -0.2640136538544179E-15
  161  -0.5668588417670478E-15
  162  -0.2913167895753403E-15
  163   0.3549313508997712E-15
  164   0.7528670217286847E-16
  165  -0.6552555114758415E-15
  166  -0.3200567486767438E-15
  167   0.9442809517299730E-15
  168   0.4549076398727673E-15
  169   0.4653299177067490E-15
  170   0.7224743561450871E-15
  171  -0.7223021174044477E-15
  172   0.1150369968676927E-14
  173  -0.3878304228181598E-15
  174  -0.8836469674863390E-15
  175  -0.6560978950888628E-15
  176   0.1392234318642191E-14
  177  -0.1508081534127523E-16
  178   0.3622859494853019E-15
  179   0.3743260201462583E-15
  180   0.4758230055096169E-15
  181   0.5726598554115519E-15
  182  -0.7675822143927017E-16
  183  -0.8644028326210368E-15
  184   0.3633773215180383E-15
  185  -0.8786338094185978E-15
  186   0.8029120435712292E-16
  187   0.4723113208681047E-16
  188   0.5705416246277881E-15
  189  -0.5588780031121039E-15
  190  -0.7510912863341694E-15
  191  -0.1226128775247273E-14
  192  -0.1741605097243179E-15
  193   0.8081193931654989E-15
  194  -0.6527802578496382E-15
  195   0.5668307605221812E-15
  196  -0.3238731661949859E-15
  197   0.1135454034200348E-14
  198  -0.6259484646208612E-16
  199  -0.2697295078351453E-15
  200   0.7886320307974952E-16
  201   0.9869141632668542E-15
  202   0.2240367463360319E-15
  203  -0.3087530134532649E-15
  204   0.2271236136057364E-15
  205   0.5705909531317102E-15
  206  -0.4395178349685808E-15
  207   0.9619063317309478E-16
  208  -0.2960130832248159E-15
  209  -0.2376016343135187E-15
  210   0.6524334564632330E-15
  211   0.2050748389861462E-15
  212  -0.3835279990751501E-15
  213  -0.9426266174699630E-16
  214   0.3947546191325531E-16
  215   0.1682089610944872E-15
  216   0.6997838364661572E-15
  217   0.4202330778685823E-15
  218   0.7009234873227375E-15
  219  -0.5044190107393761E-15
  220  -0.7083367759043874E-16
  221   0.7668083137658943E-16
  222  -0.4579175239174997E-15
  223   0.4355165920528352E-15
  224  -0.1632161595460589E-15
  225  -0.1608933935546617E-15
  226  -0.3557814298718299E-15
  227   0.1085795904276420E-15
  228   0.2233752115232201E-15
  229   0.8921902452281039E-16
  230   0.5103917232508820E-15
  231  -0.6241306419952804E-16
  232  -0.2938527681116375E-15
  233   0.1454906591713483E-15
  234   0.1038656347495374E-14
  235  -0.2153632120972109E-15
  236  -0.6377361257537396E-15
  237   0.2789167244742249E-15
  238  -0.8341901152057794E-15
  239   0.3834677187203914E-16
  240   0.1078768136740526E-15
  241  -0.2006748566822101E-15
  242   0.4924890252326801E-15
  243   0.4130661305179584E-15
  244   0.1455478523802350E-15
  245  -0.2113828988549891E-15
  246  -0.5987520993239256E-15
  247   0.8750928338370413E-15
  248   0.9314427685796186E-15
  249  -0.3919419244886557E-15
  250   0.4952141124948374E-15
  251   0.1577062516198934E-15
  252   0.3241736652537870E-17
  253  -0.4345815558953112E-15
  254  -0.2507105947412207E-16
  255  -0.1069322894418502E-15
  256   0.1653285509463121E-15
  257  -0.3821655029344482E-15
  258   0.9351116670904751E-16
  259   0.1505168754808321E-15
  260  -0.5504557179824473E-15
  261  -0.4308554729742045E-15
  262  -0.2501515549597580E-15
  263   0.4615866299752125E-15
  264  -0.2361771182103372E-15
  265   0.1400739942888266E-15
  266   0.2114488161210978E-15
  267  -0.7537870846567823E-15
  268   0.3019968446906430E-15
  269   0.5434896163052404E-15
  270  -0.1769016559217197E-15
  271  -0.5232396223788132E-15
  272   0.2076844586058374E-15
  273   0.7156593744726561E-15
  274   0.3259758520118502E-15
  275  -0.2367047334904875E-16
  276  -0.1184294882888490E-16
  277   0.1637693581049013E-15
  278   0.1019566155851293E-15
  279  -0.5015691001640896E-16
  280  -0.1380656625479496E-15
  281   0.6967681044173241E-15
  282   0.5681956099715384E-15
  283  -0.1463114602812428E-15
  284  -0.4783075914595157E-16
  285  -0.1506013789160988E-15
  286   0.3469198432667509E-15
  287  -0.1440687187941205E-15
  288  -0.1933003715957415E-15
  289   0.4707707137928336E-15
  290   0.3997061619508960E-15
  291  -0.2162259388987754E-15
  292  -0.4891916105769021E-15
  293   0.2860014584943891E-15
  294   0.1749008420812514E-15
  295   0.8402733523966666E-16
  296  -0.2981510728344985E-15
  297  -0.1939114157213673E-15
  298   0.3671834012119583E-16
  299  -0.2546466569278123E-15
  300  -0.1496045170010787E-15
  301   0.3122513204966753E-15
  302  -0.1246202754163252E-15
  303  -0.2409665707675481E-15
  304   0.4620139637104596E-15
  305  -0.3729035890754702E-16
  306  -0.2751015611499220E-16
  307  -0.1098777480884121E-15
  308  -0.3077371637416973E-15
  309  -0.1516724818780995E-15
  310   0.6303066636353201E-16
  311   0.2345530909206082E-15
  312  -0.1004719525207273E-15
  313   0.1545545903529864E-15
  314  -0.1541816941605962E-15
  315  -0.3852498277507923E-15
  316  -0.4762433772017007E-16
  317  -0.1531795724681321E-15
  318   0.1309503718482491E-15
  319   0.1132182617464743E-15
  320  -0.1319928016944291E-15
  321  -0.1129316544990692E-15
  322   0.9751464531870142E-16
  323   0.5562526252211040E-16
  324  -0.3901027787307748E-16
  325   0.1810517080734753E-15
  326   0.8664752772647408E-16
  327  -0.1309850195292718E-15
  328   0.2662347678452070E-15
  329   0.1090298835274777E-15
  330   0.8012569573682866E-16
  331  -0.7099112327754218E-17
  332   0.1074153680758336E-15
  333   0.2051373388474254E-16
  334  -0.8480033223101398E-16
  335  -0.1765619690686704E-15
  336  -0.1594578234941170E-15
  337  -0.1839455199710994E-15
  338  -0.2662018185326065E-15
  339   0.2347605301843145E-15
  340  -0.9883409517603219E-17
  341   0.2010654775712335E-15
  342   0.1501591833628321E-15
  343  -0.8580529148232212E-16
  344   0.9188004411447284E-16
  345  -0.1877953872262612E-15
  346   0.9729687023807550E-16
  347  -0.1122466790422929E-15
  348  -0.1128621052501464E-15
  349   0.1671878765568051E-15
  350   0.1775183012101084E-15
  351  -0.4306226608103585E-16
  352   0.2439247238417717E-15
  353   0.2194018243359883E-15
  354   0.1811950084477921E-15
  355   0.1465155919613100E-15
  356  -0.1917167059982114E-16
  357  -0.1652867576192568E-15
  358   0.1410390507927057E-15
  359   0.2104967266624907E-15
  360   0.1613384050824390E-15
  361  -0.8999217594090024E-16
  362   0.1960437878712019E-16
  363  -0.1539393448380010E-16
  364  -0.2596377374544738E-15
  365   0.1033232003831049E-17
  366   0.6330160519344682E-16
  367  -0.5098851631898856E-16
  368   0.3170099500612942E-16
  369  -0.1887044746266807E-15
  370  -0.3564280137503591E-16
  371   0.4158932076202849E-16
  372   0.7228144220619218E-16
  373   0.9993647431867618E-16
  374  -0.1213306815692248E-15
  375  -0.1255183203343590E-15
  376  -0.1566926920049819E-15
  377   0.8126894780462571E-16
  378   0.1556090817073819E-15
  379  -0.1309982036925761E-15
  380  -0.5368798789706354E-16
  381  -0.4501337626308751E-17
  382   0.2759354852384439E-16
  383  -0.9412491782052841E-16
  384   0.8926150121913885E-16
  385  -0.2890843653618461E-16
  386  -0.1426999301919106E-15
  387  -0.4477841489329808E-16
  388   0.1790600542742021E-15
  389   0.3799037134134587E-16
  390   0.4910657274934468E-17
  391   0.1474345102607149E-17
  392  -0.1410615738868787E-16
  393   0.1473462803497991E-15
  394  -0.4573602605013200E-16
  395   0.3844090035910149E-16
  396  -0.4948291679570652E-16
  397  -0.8121149678824262E-16
  398  -0.3020521453530621E-16
  399   0.5322770826802835E-16
  400   0.2219157288443753E-16
  401  -0.1357314104969205E-15
  402  -0.7476783927531321E-16
  403   0.9629495621000572E-16
  404  -0.6253864269065115E-16
  405   0.1060006899375633E-16
  406   0.7874455098740679E-17
  407   0.1533648699933909E-15
  408  -0.5649495342244849E-16
  409   0.1473320296800614E-16
  410  -0.6617287805670705E-17
  411  -0.1053225359254096E-15
  412  -0.5929170732594044E-16
  413  -0.1296999509949226E-15
  414  -0.4318387736994457E-18
  415  -0.7363784071386622E-16
  416   0.8677070088981590E-16
  417   0.6415657339343000E-17
  418   0.1318976517154887E-15
  419   0.3253913444234379E-16
  420   0.5749282174454226E-16
  421  -0.7628052451142885E-16
  422  -0.3632493130208371E-16
  423   0.3208188915781996E-16
  424   0.1926818792252026E-15
  425  -0.1183251988299247E-15
  426  -0.2237062249458403E-16
  427  -0.6284936045994825E-16
  428  -0.1471406219434305E-16
  429  -0.5824944862505557E-16
  430   0.2651490053977218E-17
  431  -0.1307762034061851E-15
  432  -0.2230683879478723E-16
  433   0.1118842085801129E-15
  434  -0.1476480585467797E-15
  435  -0.1121527912994967E-15
  436  -0.8518727311088930E-16
  437  -0.1059455998610016E-15
  438  -0.2118721719986481E-16
  439  -0.5401799959525203E-16
  440   0.5338384610825235E-16
  441   0.8203026873937975E-16
  442   0.7926509816847701E-16
  443  -0.2681637170523539E-15
  444   0.2788348897392893E-16
  445   0.4368742183453962E-16
  446  -0.9128883698269020E-16
  447   0.1102621670142900E-15
  448  -0.8588708395541204E-16
  449   0.1911855254562468E-16
  450   0.5793571341146093E-16
  451  -0.1655880290864391E-16
  452   0.9102800761140130E-17
  453  -0.6815902309613505E-16
  454  -0.7407143762192107E-18
  455  -0.1286104492359768E-16
  456  -0.2288876224694892E-16
  457   0.4561664206198888E-16
  458   0.6753148888726195E-16
  459  -0.1924271720138930E-15
  460  -0.1257201209273020E-15
  461   0.1536084204179398E-15
  462  -0.6710891014674666E-16
  463  -0.3138416313066031E-16
  464   0.2293146520257979E-16
  465   0.8020431182503793E-17
  466  -0.1928390246640991E-15
  467  -0.3466357432507067E-16
  468   0.7083790341744068E-16
  469   0.6316726428847856E-16
  470  -0.2205284352995458E-16
  471  -0.1662243340501340E-15
  472  -0.7749762987012935E-16
  473  -0.8755260966267518E-17
  474   0.1087215667478997E-15
  475  -0.1428464137971939E-15
  476   0.5296083184025616E-16
  477   0.4421232439629422E-16
  478   0.2028044279055090E-16
  479   0.4035523381333299E-16
  480   0.1164209016986161E-15
  481   0.4204843212224196E-16
  482   0.1578306788694986E-15
  483   0.7929933052904292E-16
  484   0.5903906518084129E-16
  485  -0.8338351541218397E-16
  486   0.1332256493137667E-16
  487  -0.6876479591220074E-16
  488  -0.4253787738580016E-16
  489  -0.6910442605914672E-16
  490  -0.5918087400776790E-16
  491   0.1179123730012518E-15
  492   0.6267930925634363E-16
  493   0.2411053747398027E-17
  494   0.1187053332342712E-15
  495   0.3867648881329223E-16
  496   0.8016785225388794E-16
  497  -0.5368101183302893E-16
  498  -0.7606191814946686E-16
  499   0.5622614335418838E-16
  500   0.7031273978990948E-16
  501   0.6678984606148388E-16
  502  -0.9813960483226363E-16
  503   0.1746911278926330E-16
  504   0.8307171271921629E-16
  505  -0.1227771985132102E-15
  506  -0.7028622989998469E-16
  507   0.5383749874278052E-16
  508   0.1265264461699694E-16
  509  -0.7279759854503060E-17
  510   0.1022466408740484E-15
  511  -0.9761529554716180E-17
  512   0.5804829138444857E-16
