       2.0000000E+00       9.9857444E-01
       3.0000000E+00       9.9713683E-01
       4.0000000E+00       9.9521673E-01
       5.0000000E+00       9.9282044E-01
       6.0000000E+00       9.8996854E-01
       7.0000000E+00       9.8667711E-01
       8.0000000E+00       9.8296547E-01
       9.0000000E+00       9.7884482E-01
       1.0000000E+01       9.7432572E-01
       1.1000000E+01       9.6941721E-01
       1.2000000E+01       9.6413809E-01
       1.3000000E+01       9.5851016E-01
       1.4000000E+01       9.5254916E-01
       1.5000000E+01       9.4627619E-01
       1.6000000E+01       9.3970811E-01
       1.7000000E+01       9.3286079E-01
       1.8000000E+01       9.2574990E-01
       1.9000000E+01       9.1839373E-01
       2.0000000E+01       9.1081142E-01
       2.1000000E+01       9.0302068E-01
       2.2000000E+01       8.9504045E-01
       2.3000000E+01       8.8688284E-01
       2.4000000E+01       8.7856454E-01
       2.5000000E+01       8.7009883E-01
       2.6000000E+01       8.6150455E-01
       2.7000000E+01       8.5279536E-01
       2.8000000E+01       8.4398556E-01
       2.9000000E+01       8.3508837E-01
       3.0000000E+01       8.2611495E-01
       3.1000000E+01       8.1707698E-01
       3.2000000E+01       8.0798775E-01
       3.3000000E+01       7.9885697E-01
       3.4000000E+01       7.8969848E-01
       3.5000000E+01       7.8051895E-01
       3.6000000E+01       7.7132958E-01
       3.7000000E+01       7.6213664E-01
       3.8000000E+01       7.5294989E-01
       3.9000000E+01       7.4377775E-01
       4.0000000E+01       7.3462737E-01
       4.1000000E+01       7.2550684E-01
       4.2000000E+01       7.1642005E-01
       4.3000000E+01       7.0737410E-01
       4.4000000E+01       6.9837385E-01
       4.5000000E+01       6.8942505E-01
       4.6000000E+01       6.8053305E-01
       4.7000000E+01       6.7170137E-01
       4.8000000E+01       6.6293490E-01
       4.9000000E+01       6.5423572E-01
       5.0000000E+01       6.4560848E-01
       5.1000000E+01       6.3705534E-01
       5.2000000E+01       6.2858003E-01
       5.3000000E+01       6.2018472E-01
       5.4000000E+01       6.1187208E-01
       5.5000000E+01       6.0364288E-01
       5.6000000E+01       5.9549993E-01
       5.7000000E+01       5.8744341E-01
       5.8000000E+01       5.7947636E-01
       5.9000000E+01       5.7159871E-01
       6.0000000E+01       5.6381255E-01
       6.1000000E+01       5.5611771E-01
       6.2000000E+01       5.4851556E-01
       6.3000000E+01       5.4100543E-01
       6.4000000E+01       5.3358918E-01
       6.5000000E+01       5.2626580E-01
       6.6000000E+01       5.1903641E-01
       6.7000000E+01       5.1190048E-01
       6.8000000E+01       5.0485826E-01
       6.9000000E+01       4.9790874E-01
       7.0000000E+01       4.9105221E-01
       7.1000000E+01       4.8428863E-01
       7.2000000E+01       4.7761747E-01
       7.3000000E+01       4.7103754E-01
       7.4000000E+01       4.6454927E-01
       7.5000000E+01       4.5815080E-01
       7.6000000E+01       4.5184302E-01
       7.7000000E+01       4.4562352E-01
       7.8000000E+01       4.3949342E-01
       7.9000000E+01       4.3345046E-01
       8.0000000E+01       4.2749473E-01
       8.1000000E+01       4.2162451E-01
       8.2000000E+01       4.1583946E-01
       8.3000000E+01       4.1013834E-01
       8.4000000E+01       4.0452084E-01
       8.5000000E+01       3.9898559E-01
       8.6000000E+01       3.9353195E-01
       8.7000000E+01       3.8815829E-01
       8.8000000E+01       3.8286355E-01
       8.9000000E+01       3.7764767E-01
       9.0000000E+01       3.7250918E-01
       9.1000000E+01       3.6744684E-01
       9.2000000E+01       3.6245969E-01
       9.3000000E+01       3.5754767E-01
       9.4000000E+01       3.5270804E-01
       9.5000000E+01       3.4794062E-01
       9.6000000E+01       3.4324473E-01
       9.7000000E+01       3.3861884E-01
       9.8000000E+01       3.3406284E-01
       9.9000000E+01       3.2957435E-01
       1.0000000E+02       3.2515362E-01
       1.0100000E+02       3.2079849E-01
       1.0200000E+02       3.1650934E-01
       1.0300000E+02       3.1228372E-01
       1.0400000E+02       3.0812180E-01
       1.0500000E+02       3.0402198E-01
       1.0600000E+02       2.9998410E-01
       1.0700000E+02       2.9600587E-01
       1.0800000E+02       2.9208708E-01
       1.0900000E+02       2.8822702E-01
       1.1000000E+02       2.8442451E-01
       1.1100000E+02       2.8067908E-01
       1.1200000E+02       2.7698907E-01
       1.1300000E+02       2.7335408E-01
       1.1400000E+02       2.6977316E-01
       1.1500000E+02       2.6624545E-01
       1.1600000E+02       2.6276970E-01
       1.1700000E+02       2.5934616E-01
       1.1800000E+02       2.5597283E-01
       1.1900000E+02       2.5264978E-01
       1.2000000E+02       2.4937519E-01
       1.2100000E+02       2.4614947E-01
       1.2200000E+02       2.4297084E-01
       1.2300000E+02       2.3983927E-01
       1.2400000E+02       2.3675327E-01
       1.2500000E+02       2.3371272E-01
       1.2600000E+02       2.3071662E-01
       1.2700000E+02       2.2776419E-01
       1.2800000E+02       2.2485514E-01
       1.2900000E+02       2.2198814E-01
       1.3000000E+02       2.1916302E-01
       1.3100000E+02       2.1637879E-01
       1.3200000E+02       2.1363491E-01
       1.3300000E+02       2.1093063E-01
       1.3400000E+02       2.0826550E-01
       1.3500000E+02       2.0563884E-01
       1.3600000E+02       2.0304984E-01
       1.3700000E+02       2.0049813E-01
       1.3800000E+02       1.9798285E-01
       1.3900000E+02       1.9550365E-01
       1.4000000E+02       1.9305977E-01
       1.4100000E+02       1.9065084E-01
       1.4200000E+02       1.8827617E-01
       1.4300000E+02       1.8593524E-01
       1.4400000E+02       1.8362740E-01
       1.4500000E+02       1.8135215E-01
       1.4600000E+02       1.7910922E-01
       1.4700000E+02       1.7689766E-01
       1.4800000E+02       1.7471756E-01
       1.4900000E+02       1.7256790E-01
       1.5000000E+02       1.7044832E-01
       1.5100000E+02       1.6835846E-01
       1.5200000E+02       1.6629760E-01
       1.5300000E+02       1.6426578E-01
       1.5400000E+02       1.6226187E-01
       1.5500000E+02       1.6028598E-01
       1.5600000E+02       1.5833752E-01
       1.5700000E+02       1.5641594E-01
       1.5800000E+02       1.5452078E-01
       1.5900000E+02       1.5265176E-01
       1.6000000E+02       1.5080851E-01
       1.6100000E+02       1.4899053E-01
       1.6200000E+02       1.4719746E-01
       1.6300000E+02       1.4542899E-01
       1.6400000E+02       1.4368448E-01
       1.6500000E+02       1.4196369E-01
       1.6600000E+02       1.4026652E-01
       1.6700000E+02       1.3859238E-01
       1.6800000E+02       1.3694073E-01
       1.6900000E+02       1.3531148E-01
       1.7000000E+02       1.3370432E-01
       1.7100000E+02       1.3211869E-01
       1.7200000E+02       1.3055450E-01
       1.7300000E+02       1.2901115E-01
       1.7400000E+02       1.2748854E-01
       1.7500000E+02       1.2598629E-01
       1.7600000E+02       1.2450421E-01
       1.7700000E+02       1.2304179E-01
       1.7800000E+02       1.2159871E-01
       1.7900000E+02       1.2017499E-01
       1.8000000E+02       1.1876996E-01
       1.8100000E+02       1.1738367E-01
       1.8200000E+02       1.1601570E-01
       1.8300000E+02       1.1466563E-01
       1.8400000E+02       1.1333331E-01
       1.8500000E+02       1.1201865E-01
       1.8600000E+02       1.1072119E-01
       1.8700000E+02       1.0944068E-01
       1.8800000E+02       1.0817698E-01
       1.8900000E+02       1.0692956E-01
       1.9000000E+02       1.0569867E-01
       1.9100000E+02       1.0448364E-01
       1.9200000E+02       1.0328443E-01
       1.9300000E+02       1.0210076E-01
       1.9400000E+02       1.0093240E-01
       1.9500000E+02       9.9779136E-02
       1.9600000E+02       9.8640740E-02
       1.9700000E+02       9.7517014E-02
       1.9800000E+02       9.6407823E-02
       1.9900000E+02       9.5312707E-02
       2.0000000E+02       9.4231658E-02
       2.0100000E+02       9.3164511E-02
       2.0200000E+02       9.2111021E-02
       2.0300000E+02       9.1070838E-02
       2.0400000E+02       9.0044022E-02
       2.0500000E+02       8.9030154E-02
       2.0600000E+02       8.8029243E-02
       2.0700000E+02       8.7040961E-02
       2.0800000E+02       8.6065143E-02
       2.0900000E+02       8.5101724E-02
       2.1000000E+02       8.4150441E-02
       2.1100000E+02       8.3211191E-02
       2.1200000E+02       8.2283676E-02
       2.1300000E+02       8.1367753E-02
       2.1400000E+02       8.0463402E-02
       2.1500000E+02       7.9570264E-02
       2.1600000E+02       7.8688391E-02
       2.1700000E+02       7.7817596E-02
       2.1800000E+02       7.6957501E-02
       2.1900000E+02       7.6108165E-02
       2.2000000E+02       7.5269237E-02
       2.2100000E+02       7.4440829E-02
       2.2200000E+02       7.3622704E-02
       2.2300000E+02       7.2814703E-02
       2.2400000E+02       7.2016671E-02
       2.2500000E+02       7.1228340E-02
       2.2600000E+02       7.0449844E-02
       2.2700000E+02       6.9680877E-02
       2.2800000E+02       6.8921246E-02
       2.2900000E+02       6.8171076E-02
       2.3000000E+02       6.7430094E-02
       2.3100000E+02       6.6698082E-02
       2.3200000E+02       6.5974973E-02
       2.3300000E+02       6.5260708E-02
       2.3400000E+02       6.4555101E-02
       2.3500000E+02       6.3858166E-02
       2.3600000E+02       6.3169532E-02
       2.3700000E+02       6.2489323E-02
       2.3800000E+02       6.1817367E-02
       2.3900000E+02       6.1153471E-02
       2.4000000E+02       6.0497589E-02
       2.4100000E+02       5.9849601E-02
       2.4200000E+02       5.9209425E-02
       2.4300000E+02       5.8576982E-02
       2.4400000E+02       5.7952054E-02
       2.4500000E+02       5.7334580E-02
       2.4600000E+02       5.6724556E-02
       2.4700000E+02       5.6121800E-02
       2.4800000E+02       5.5526227E-02
       2.4900000E+02       5.4937724E-02
       2.5000000E+02       5.4356284E-02
       2.5100000E+02       5.3781692E-02
       2.5200000E+02       5.3213909E-02
       2.5300000E+02       5.2652862E-02
       2.5400000E+02       5.2098464E-02
       2.5500000E+02       5.1550597E-02
       2.5600000E+02       5.1009238E-02
       2.5700000E+02       5.0474197E-02
       2.5800000E+02       4.9945462E-02
       2.5900000E+02       4.9422964E-02
       2.6000000E+02       4.8906591E-02
       2.6100000E+02       4.8396248E-02
       2.6200000E+02       4.7891892E-02
       2.6300000E+02       4.7393423E-02
       2.6400000E+02       4.6900760E-02
       2.6500000E+02       4.6413824E-02
       2.6600000E+02       4.5932624E-02
       2.6700000E+02       4.5456994E-02
       2.6800000E+02       4.4986870E-02
       2.6900000E+02       4.4522200E-02
       2.7000000E+02       4.4062886E-02
       2.7100000E+02       4.3608911E-02
       2.7200000E+02       4.3160152E-02
       2.7300000E+02       4.2716593E-02
       2.7400000E+02       4.2278182E-02
       2.7500000E+02       4.1844755E-02
       2.7600000E+02       4.1416351E-02
       2.7700000E+02       4.0992811E-02
       2.7800000E+02       4.0574163E-02
       2.7900000E+02       4.0160306E-02
       2.8000000E+02       3.9751202E-02
       2.8100000E+02       3.9346736E-02
       2.8200000E+02       3.8946867E-02
       2.8300000E+02       3.8551569E-02
       2.8400000E+02       3.8160764E-02
       2.8500000E+02       3.7774425E-02
       2.8600000E+02       3.7392441E-02
       2.8700000E+02       3.7014786E-02
       2.8800000E+02       3.6641423E-02
       2.8900000E+02       3.6272258E-02
       2.9000000E+02       3.5907276E-02
       2.9100000E+02       3.5546385E-02
       2.9200000E+02       3.5189603E-02
       2.9300000E+02       3.4836814E-02
       2.9400000E+02       3.4487989E-02
       2.9500000E+02       3.4143064E-02
       2.9600000E+02       3.3802018E-02
       2.9700000E+02       3.3464801E-02
       2.9800000E+02       3.3131339E-02
       2.9900000E+02       3.2801598E-02
       3.0000000E+02       3.2475568E-02
       3.0100000E+02       3.2153133E-02
       3.0200000E+02       3.1834278E-02
       3.0300000E+02       3.1518966E-02
       3.0400000E+02       3.1207172E-02
       3.0500000E+02       3.0898854E-02
       3.0600000E+02       3.0593928E-02
       3.0700000E+02       3.0292409E-02
       3.0800000E+02       2.9994177E-02
       3.0900000E+02       2.9699238E-02
       3.1000000E+02       2.9407583E-02
       3.1100000E+02       2.9119089E-02
       3.1200000E+02       2.8833801E-02
       3.1300000E+02       2.8551612E-02
       3.1400000E+02       2.8272565E-02
       3.1500000E+02       2.7996561E-02
       3.1600000E+02       2.7723586E-02
       3.1700000E+02       2.7453588E-02
       3.1800000E+02       2.7186492E-02
       3.1900000E+02       2.6922362E-02
       3.2000000E+02       2.6661105E-02
       3.2100000E+02       2.6402699E-02
       3.2200000E+02       2.6147071E-02
       3.2300000E+02       2.5894228E-02
       3.2400000E+02       2.5644168E-02
       3.2500000E+02       2.5396775E-02
       3.2600000E+02       2.5152056E-02
       3.2700000E+02       2.4910003E-02
       3.2800000E+02       2.4670539E-02
       3.2900000E+02       2.4433671E-02
       3.3000000E+02       2.4199350E-02
       3.3100000E+02       2.3967566E-02
       3.3200000E+02       2.3738259E-02
       3.3300000E+02       2.3511404E-02
       3.3400000E+02       2.3287002E-02
       3.3500000E+02       2.3064984E-02
       3.3600000E+02       2.2845350E-02
       3.3700000E+02       2.2628061E-02
       3.3800000E+02       2.2413094E-02
       3.3900000E+02       2.2200434E-02
       3.4000000E+02       2.1990001E-02
       3.4100000E+02       2.1781849E-02
       3.4200000E+02       2.1575879E-02
       3.4300000E+02       2.1372097E-02
       3.4400000E+02       2.1170486E-02
       3.4500000E+02       2.0971008E-02
       3.4600000E+02       2.0773644E-02
       3.4700000E+02       2.0578366E-02
       3.4800000E+02       2.0385129E-02
       3.4900000E+02       2.0193949E-02
       3.5000000E+02       2.0004760E-02
       3.5100000E+02       1.9817574E-02
       3.5200000E+02       1.9632358E-02
       3.5300000E+02       1.9449087E-02
       3.5400000E+02       1.9267730E-02
       3.5500000E+02       1.9088281E-02
       3.5600000E+02       1.8910700E-02
       3.5700000E+02       1.8734971E-02
       3.5800000E+02       1.8561075E-02
       3.5900000E+02       1.8389009E-02
       3.6000000E+02       1.8218726E-02
       3.6100000E+02       1.8050220E-02
       3.6200000E+02       1.7883448E-02
       3.6300000E+02       1.7718423E-02
       3.6400000E+02       1.7555095E-02
       3.6500000E+02       1.7393466E-02
       3.6600000E+02       1.7233504E-02
       3.6700000E+02       1.7075201E-02
       3.6800000E+02       1.6918527E-02
       3.6900000E+02       1.6763479E-02
       3.7000000E+02       1.6610023E-02
       3.7100000E+02       1.6458141E-02
       3.7200000E+02       1.6307820E-02
       3.7300000E+02       1.6159059E-02
       3.7400000E+02       1.6011804E-02
       3.7500000E+02       1.5866058E-02
       3.7600000E+02       1.5721805E-02
       3.7700000E+02       1.5579022E-02
       3.7800000E+02       1.5437700E-02
       3.7900000E+02       1.5297812E-02
       3.8000000E+02       1.5159369E-02
       3.8100000E+02       1.5022317E-02
       3.8200000E+02       1.4886662E-02
       3.8300000E+02       1.4752374E-02
       3.8400000E+02       1.4619458E-02
       3.8500000E+02       1.4487882E-02
       3.8600000E+02       1.4357641E-02
       3.8700000E+02       1.4228718E-02
       3.8800000E+02       1.4101100E-02
       3.8900000E+02       1.3974765E-02
       3.9000000E+02       1.3849697E-02
       3.9100000E+02       1.3725895E-02
       3.9200000E+02       1.3603342E-02
       3.9300000E+02       1.3482013E-02
       3.9400000E+02       1.3361904E-02
       3.9500000E+02       1.3242992E-02
       3.9600000E+02       1.3125277E-02
       3.9700000E+02       1.3008733E-02
       3.9800000E+02       1.2893355E-02
       3.9900000E+02       1.2779144E-02
       4.0000000E+02       1.2666047E-02
       4.0100000E+02       1.2554081E-02
       4.0200000E+02       1.2443230E-02
       4.0300000E+02       1.2333471E-02
       4.0400000E+02       1.2224819E-02
       4.0500000E+02       1.2117227E-02
       4.0600000E+02       1.2010709E-02
       4.0700000E+02       1.1905244E-02
       4.0800000E+02       1.1800808E-02
       4.0900000E+02       1.1697412E-02
       4.1000000E+02       1.1595034E-02
       4.1100000E+02       1.1493654E-02
       4.1200000E+02       1.1393274E-02
       4.1300000E+02       1.1293893E-02
       4.1400000E+02       1.1195479E-02
       4.1500000E+02       1.1098030E-02
       4.1600000E+02       1.1001537E-02
       4.1700000E+02       1.0905979E-02
       4.1800000E+02       1.0811360E-02
       4.1900000E+02       1.0717680E-02
       4.2000000E+02       1.0624891E-02
       4.2100000E+02       1.0533015E-02
       4.2200000E+02       1.0442046E-02
       4.2300000E+02       1.0351930E-02
       4.2400000E+02       1.0262706E-02
       4.2500000E+02       1.0174353E-02
       4.2600000E+02       1.0086855E-02
       4.2700000E+02       1.0000191E-02
       4.2800000E+02       9.9143749E-03
       4.2900000E+02       9.8293787E-03
       4.3000000E+02       9.7452058E-03
       4.3100000E+02       9.6618487E-03
       4.3200000E+02       9.5792897E-03
       4.3300000E+02       9.4975242E-03
       4.3400000E+02       9.4165439E-03
       4.3500000E+02       9.3363225E-03
       4.3600000E+02       9.2568938E-03
       4.3700000E+02       9.1782138E-03
       4.3800000E+02       9.1002965E-03
       4.3900000E+02       9.0231076E-03
       4.4000000E+02       8.9466721E-03
       4.4100000E+02       8.8709509E-03
       4.4200000E+02       8.7959617E-03
       4.4300000E+02       8.7216860E-03
       4.4400000E+02       8.6481133E-03
       4.4500000E+02       8.5752364E-03
       4.4600000E+02       8.5030571E-03
       4.4700000E+02       8.4315585E-03
       4.4800000E+02       8.3607351E-03
       4.4900000E+02       8.2905870E-03
       4.5000000E+02       8.2211038E-03
       4.5100000E+02       8.1522763E-03
       4.5200000E+02       8.0840932E-03
       4.5300000E+02       8.0165546E-03
       4.5400000E+02       7.9496549E-03
       4.5500000E+02       7.8833820E-03
       4.5600000E+02       7.8177284E-03
       4.5700000E+02       7.7526965E-03
       4.5800000E+02       7.6882746E-03
       4.5900000E+02       7.6244427E-03
       4.6000000E+02       7.5612101E-03
       4.6100000E+02       7.4985805E-03
       4.6200000E+02       7.4365269E-03
       4.6300000E+02       7.3750527E-03
       4.6400000E+02       7.3141544E-03
       4.6500000E+02       7.2538122E-03
       4.6600000E+02       7.1940385E-03
       4.6700000E+02       7.1348115E-03
       4.6800000E+02       7.0761451E-03
       4.6900000E+02       7.0180157E-03
       4.7000000E+02       6.9604241E-03
       4.7100000E+02       6.9033639E-03
       4.7200000E+02       6.8468349E-03
       4.7300000E+02       6.7908261E-03
       4.7400000E+02       6.7353356E-03
       4.7500000E+02       6.6803508E-03
       4.7600000E+02       6.6258772E-03
       4.7700000E+02       6.5719038E-03
       4.7800000E+02       6.5184264E-03
       4.7900000E+02       6.4654378E-03
       4.8000000E+02       6.4129406E-03
       4.8100000E+02       6.3609183E-03
       4.8200000E+02       6.3093747E-03
       4.8300000E+02       6.2583066E-03
       4.8400000E+02       6.2076976E-03
       4.8500000E+02       6.1575524E-03
       4.8600000E+02       6.1078621E-03
       4.8700000E+02       6.0586212E-03
       4.8800000E+02       6.0098385E-03
       4.8900000E+02       5.9614880E-03
       4.9000000E+02       5.9135752E-03
       4.9100000E+02       5.8660978E-03
       4.9200000E+02       5.8190506E-03
       4.9300000E+02       5.7724318E-03
       4.9400000E+02       5.7262257E-03
       4.9500000E+02       5.6804358E-03
       4.9600000E+02       5.6350608E-03
       4.9700000E+02       5.5900924E-03
       4.9800000E+02       5.5455253E-03
       4.9900000E+02       5.5013634E-03
       5.0000000E+02       5.4575908E-03
       5.0100000E+02       5.4142154E-03
       5.0200000E+02       5.3712251E-03
       5.0300000E+02       5.3286189E-03
       5.0400000E+02       5.2863974E-03
       5.0500000E+02       5.2445452E-03
       5.0600000E+02       5.2030757E-03
       5.0700000E+02       5.1619699E-03
       5.0800000E+02       5.1212288E-03
       5.0900000E+02       5.0808503E-03
       5.1000000E+02       5.0408333E-03
       5.1100000E+02       5.0011724E-03
       5.1200000E+02       4.9618608E-03
       5.1300000E+02       4.9229027E-03
       5.1400000E+02       4.8842849E-03
       5.1500000E+02       4.8460094E-03
       5.1600000E+02       4.8080715E-03
       5.1700000E+02       4.7704647E-03
       5.1800000E+02       4.7331965E-03
       5.1900000E+02       4.6962569E-03
       5.2000000E+02       4.6596378E-03
       5.2100000E+02       4.6233418E-03
       5.2200000E+02       4.5873611E-03
       5.2300000E+02       4.5516952E-03
       5.2400000E+02       4.5163436E-03
       5.2500000E+02       4.4813021E-03
       5.2600000E+02       4.4465652E-03
       5.2700000E+02       4.4121277E-03
       5.2800000E+02       4.3779928E-03
       5.2900000E+02       4.3441560E-03
       5.3000000E+02       4.3106093E-03
       5.3100000E+02       4.2773536E-03
       5.3200000E+02       4.2443932E-03
       5.3300000E+02       4.2117136E-03
       5.3400000E+02       4.1793124E-03
       5.3500000E+02       4.1472008E-03
       5.3600000E+02       4.1153589E-03
       5.3700000E+02       4.0837987E-03
       5.3800000E+02       4.0525068E-03
       5.3900000E+02       4.0214858E-03
       5.4000000E+02       3.9907331E-03
       5.4100000E+02       3.9602406E-03
       5.4200000E+02       3.9300160E-03
       5.4300000E+02       3.9000527E-03
       5.4400000E+02       3.8703429E-03
       5.4500000E+02       3.8408912E-03
       5.4600000E+02       3.8116900E-03
       5.4700000E+02       3.7827410E-03
       5.4800000E+02       3.7540419E-03
       5.4900000E+02       3.7255855E-03
       5.5000000E+02       3.6973758E-03
       5.5100000E+02       3.6694061E-03
       5.5200000E+02       3.6416724E-03
       5.5300000E+02       3.6141789E-03
       5.5400000E+02       3.5869172E-03
       5.5500000E+02       3.5598883E-03
       5.5600000E+02       3.5330891E-03
       5.5700000E+02       3.5065170E-03
       5.5800000E+02       3.4801720E-03
       5.5900000E+02       3.4540480E-03
       5.6000000E+02       3.4281414E-03
       5.6100000E+02       3.4024592E-03
       5.6200000E+02       3.3769896E-03
       5.6300000E+02       3.3517363E-03
       5.6400000E+02       3.3266945E-03
       5.6500000E+02       3.3018652E-03
       5.6600000E+02       3.2772396E-03
       5.6700000E+02       3.2528215E-03
       5.6800000E+02       3.2286095E-03
       5.6900000E+02       3.2046014E-03
       5.7000000E+02       3.1807949E-03
       5.7100000E+02       3.1571812E-03
       5.7200000E+02       3.1337664E-03
       5.7300000E+02       3.1105478E-03
       5.7400000E+02       3.0875246E-03
       5.7500000E+02       3.0646918E-03
       5.7600000E+02       3.0420504E-03
       5.7700000E+02       3.0195941E-03
       5.7800000E+02       2.9973288E-03
       5.7900000E+02       2.9752441E-03
       5.8000000E+02       2.9533454E-03
       5.8100000E+02       2.9316274E-03
       5.8200000E+02       2.9100913E-03
       5.8300000E+02       2.8887319E-03
       5.8400000E+02       2.8675511E-03
       5.8500000E+02       2.8465439E-03
       5.8600000E+02       2.8257107E-03
       5.8700000E+02       2.8050493E-03
       5.8800000E+02       2.7845581E-03
       5.8900000E+02       2.7642366E-03
       5.9000000E+02       2.7440803E-03
       5.9100000E+02       2.7240904E-03
       5.9200000E+02       2.7042660E-03
       5.9300000E+02       2.6846007E-03
       5.9400000E+02       2.6650985E-03
       5.9500000E+02       2.6457545E-03
       5.9600000E+02       2.6265671E-03
       5.9700000E+02       2.6075374E-03
       5.9800000E+02       2.5886607E-03
       5.9900000E+02       2.5699360E-03
       6.0000000E+02       2.5513659E-03
       6.0100000E+02       2.5329429E-03
       6.0200000E+02       2.5146690E-03
       6.0300000E+02       2.4965419E-03
       6.0400000E+02       2.4785621E-03
       6.0500000E+02       2.4607258E-03
       6.0600000E+02       2.4430323E-03
       6.0700000E+02       2.4254813E-03
       6.0800000E+02       2.4080726E-03
       6.0900000E+02       2.3907984E-03
       6.1000000E+02       2.3736637E-03
       6.1100000E+02       2.3566675E-03
       6.1200000E+02       2.3398064E-03
       6.1300000E+02       2.3230792E-03
       6.1400000E+02       2.3064862E-03
       6.1500000E+02       2.2900263E-03
       6.1600000E+02       2.2736951E-03
       6.1700000E+02       2.2574940E-03
       6.1800000E+02       2.2414231E-03
       6.1900000E+02       2.2254821E-03
       6.2000000E+02       2.2096655E-03
       6.2100000E+02       2.1939755E-03
       6.2200000E+02       2.1784112E-03
       6.2300000E+02       2.1629711E-03
       6.2400000E+02       2.1476529E-03
       6.2500000E+02       2.1324554E-03
       6.2600000E+02       2.1173800E-03
       6.2700000E+02       2.1024242E-03
       6.2800000E+02       2.0875847E-03
       6.2900000E+02       2.0728661E-03
       6.3000000E+02       2.0582615E-03
       6.3100000E+02       2.0437744E-03
       6.3200000E+02       2.0293987E-03
       6.3300000E+02       2.0151390E-03
       6.3400000E+02       2.0009915E-03
       6.3500000E+02       1.9869548E-03
       6.3600000E+02       1.9730276E-03
       6.3700000E+02       1.9592107E-03
       6.3800000E+02       1.9455015E-03
       6.3900000E+02       1.9318991E-03
       6.4000000E+02       1.9184038E-03
       6.4100000E+02       1.9050110E-03
       6.4200000E+02       1.8917258E-03
       6.4300000E+02       1.8785427E-03
       6.4400000E+02       1.8654603E-03
       6.4500000E+02       1.8524816E-03
       6.4600000E+02       1.8396027E-03
       6.4700000E+02       1.8268218E-03
       6.4800000E+02       1.8141420E-03
       6.4900000E+02       1.8015588E-03
       6.5000000E+02       1.7890717E-03
       6.5100000E+02       1.7766836E-03
       6.5200000E+02       1.7643896E-03
       6.5300000E+02       1.7521903E-03
       6.5400000E+02       1.7400834E-03
       6.5500000E+02       1.7280715E-03
       6.5600000E+02       1.7161532E-03
       6.5700000E+02       1.7043243E-03
       6.5800000E+02       1.6925880E-03
       6.5900000E+02       1.6809420E-03
       6.6000000E+02       1.6693841E-03
       6.6100000E+02       1.6579167E-03
       6.6200000E+02       1.6465376E-03
       6.6300000E+02       1.6352475E-03
       6.6400000E+02       1.6240429E-03
       6.6500000E+02       1.6129256E-03
       6.6600000E+02       1.6018926E-03
       6.6700000E+02       1.5909442E-03
       6.6800000E+02       1.5800832E-03
       6.6900000E+02       1.5693040E-03
       6.7000000E+02       1.5586072E-03
       6.7100000E+02       1.5479947E-03
       6.7200000E+02       1.5374620E-03
       6.7300000E+02       1.5270121E-03
       6.7400000E+02       1.5166394E-03
       6.7500000E+02       1.5063488E-03
       6.7600000E+02       1.4961368E-03
       6.7700000E+02       1.4860020E-03
       6.7800000E+02       1.4759449E-03
       6.7900000E+02       1.4659656E-03
       6.8000000E+02       1.4560590E-03
       6.8100000E+02       1.4462295E-03
       6.8200000E+02       1.4364753E-03
       6.8300000E+02       1.4267941E-03
       6.8400000E+02       1.4171859E-03
       6.8500000E+02       1.4076513E-03
       6.8600000E+02       1.3981869E-03
       6.8700000E+02       1.3887945E-03
       6.8800000E+02       1.3794717E-03
       6.8900000E+02       1.3702201E-03
       6.9000000E+02       1.3610362E-03
       6.9100000E+02       1.3519215E-03
       6.9200000E+02       1.3428748E-03
       6.9300000E+02       1.3338935E-03
       6.9400000E+02       1.3249810E-03
       6.9500000E+02       1.3161348E-03
       6.9600000E+02       1.3073537E-03
       6.9700000E+02       1.2986386E-03
       6.9800000E+02       1.2899861E-03
       6.9900000E+02       1.2813974E-03
       7.0000000E+02       1.2728728E-03
       7.0100000E+02       1.2644120E-03
       7.0200000E+02       1.2560141E-03
       7.0300000E+02       1.2476770E-03
       7.0400000E+02       1.2394020E-03
       7.0500000E+02       1.2311878E-03
       7.0600000E+02       1.2230354E-03
       7.0700000E+02       1.2149435E-03
       7.0800000E+02       1.2069109E-03
       7.0900000E+02       1.1989374E-03
       7.1000000E+02       1.1910233E-03
       7.1100000E+02       1.1831669E-03
       7.1200000E+02       1.1753694E-03
       7.1300000E+02       1.1676297E-03
       7.1400000E+02       1.1599482E-03
       7.1500000E+02       1.1523218E-03
       7.1600000E+02       1.1447524E-03
       7.1700000E+02       1.1372373E-03
       7.1800000E+02       1.1297791E-03
       7.1900000E+02       1.1223758E-03
       7.2000000E+02       1.1150275E-03
       7.2100000E+02       1.1077317E-03
       7.2200000E+02       1.1004910E-03
       7.2300000E+02       1.0933030E-03
       7.2400000E+02       1.0861667E-03
       7.2500000E+02       1.0790837E-03
       7.2600000E+02       1.0720525E-03
       7.2700000E+02       1.0650714E-03
       7.2800000E+02       1.0581415E-03
       7.2900000E+02       1.0512626E-03
       7.3000000E+02       1.0444324E-03
       7.3100000E+02       1.0376513E-03
       7.3200000E+02       1.0309202E-03
       7.3300000E+02       1.0242374E-03
       7.3400000E+02       1.0176022E-03
       7.3500000E+02       1.0110139E-03
       7.3600000E+02       1.0044734E-03
       7.3700000E+02       9.9797919E-04
       7.3800000E+02       9.9153130E-04
       7.3900000E+02       9.8513032E-04
       7.4000000E+02       9.7877381E-04
       7.4100000E+02       9.7246293E-04
       7.4200000E+02       9.6619601E-04
       7.4300000E+02       9.5997303E-04
       7.4400000E+02       9.5379556E-04
       7.4500000E+02       9.4766152E-04
       7.4600000E+02       9.4157062E-04
       7.4700000E+02       9.3552255E-04
       7.4800000E+02       9.2951744E-04
       7.4900000E+02       9.2355447E-04
       7.5000000E+02       9.1763429E-04
       7.5100000E+02       9.1175601E-04
       7.5200000E+02       9.0591935E-04
       7.5300000E+02       9.0012344E-04
       7.5400000E+02       8.9436880E-04
       7.5500000E+02       8.8865502E-04
       7.5600000E+02       8.8298199E-04
       7.5700000E+02       8.7734975E-04
       7.5800000E+02       8.7175710E-04
       7.5900000E+02       8.6620409E-04
       7.6000000E+02       8.6069084E-04
       7.6100000E+02       8.5521664E-04
       7.6200000E+02       8.4978156E-04
       7.6300000E+02       8.4438513E-04
       7.6400000E+02       8.3902810E-04
       7.6500000E+02       8.3370885E-04
       7.6600000E+02       8.2842715E-04
       7.6700000E+02       8.2318275E-04
       7.6800000E+02       8.1797643E-04
       7.6900000E+02       8.1280695E-04
       7.7000000E+02       8.0767390E-04
       7.7100000E+02       8.0257782E-04
       7.7200000E+02       7.9751731E-04
       7.7300000E+02       7.9249317E-04
       7.7400000E+02       7.8750413E-04
       7.7500000E+02       7.8255084E-04
       7.7600000E+02       7.7763177E-04
       7.7700000E+02       7.7274756E-04
       7.7800000E+02       7.6789758E-04
       7.7900000E+02       7.6308136E-04
       7.8000000E+02       7.5829908E-04
       7.8100000E+02       7.5354910E-04
       7.8200000E+02       7.4883318E-04
       7.8300000E+02       7.4414996E-04
       7.8400000E+02       7.3949870E-04
       7.8500000E+02       7.3487841E-04
       7.8600000E+02       7.3029037E-04
       7.8700000E+02       7.2573405E-04
       7.8800000E+02       7.2120893E-04
       7.8900000E+02       7.1671442E-04
       7.9000000E+02       7.1225123E-04
       7.9100000E+02       7.0781732E-04
       7.9200000E+02       7.0341292E-04
       7.9300000E+02       6.9903902E-04
       7.9400000E+02       6.9469475E-04
       7.9500000E+02       6.9037941E-04
       7.9600000E+02       6.8609329E-04
       7.9700000E+02       6.8183651E-04
       7.9800000E+02       6.7760696E-04
       7.9900000E+02       6.7340682E-04
       8.0000000E+02       6.6923420E-04
       8.0100000E+02       6.6509011E-04
       8.0200000E+02       6.6097412E-04
       8.0300000E+02       6.5688556E-04
       8.0400000E+02       6.5282424E-04
       8.0500000E+02       6.4879016E-04
       8.0600000E+02       6.4478337E-04
       8.0700000E+02       6.4080395E-04
       8.0800000E+02       6.3685124E-04
       8.0900000E+02       6.3292537E-04
       8.1000000E+02       6.2902569E-04
       8.1100000E+02       6.2515249E-04
       8.1200000E+02       6.2130607E-04
       8.1300000E+02       6.1748509E-04
       8.1400000E+02       6.1369018E-04
       8.1500000E+02       6.0992112E-04
       8.1600000E+02       6.0617790E-04
       8.1700000E+02       6.0246006E-04
       8.1800000E+02       5.9876713E-04
       8.1900000E+02       5.9509987E-04
       8.2000000E+02       5.9145753E-04
       8.2100000E+02       5.8783998E-04
       8.2200000E+02       5.8424706E-04
       8.2300000E+02       5.8067811E-04
       8.2400000E+02       5.7713356E-04
       8.2500000E+02       5.7361333E-04
       8.2600000E+02       5.7011651E-04
       8.2700000E+02       5.6664390E-04
       8.2800000E+02       5.6319428E-04
       8.2900000E+02       5.5976823E-04
       8.3000000E+02       5.5636500E-04
       8.3100000E+02       5.5298489E-04
       8.3200000E+02       5.4962729E-04
       8.3300000E+02       5.4629229E-04
       8.3400000E+02       5.4297945E-04
       8.3500000E+02       5.3968898E-04
       8.3600000E+02       5.3641998E-04
       8.3700000E+02       5.3317251E-04
       8.3800000E+02       5.2994641E-04
       8.3900000E+02       5.2674237E-04
       8.4000000E+02       5.2355853E-04
       8.4100000E+02       5.2039593E-04
       8.4200000E+02       5.1725406E-04
       8.4300000E+02       5.1413249E-04
       8.4400000E+02       5.1103131E-04
       8.4500000E+02       5.0795014E-04
       8.4600000E+02       5.0488929E-04
       8.4700000E+02       5.0184800E-04
       8.4800000E+02       4.9882685E-04
       8.4900000E+02       4.9582473E-04
       8.5000000E+02       4.9284205E-04
       8.5100000E+02       4.8987888E-04
       8.5200000E+02       4.8693485E-04
       8.5300000E+02       4.8400974E-04
       8.5400000E+02       4.8110308E-04
       8.5500000E+02       4.7821619E-04
       8.5600000E+02       4.7534704E-04
       8.5700000E+02       4.7249702E-04
       8.5800000E+02       4.6966563E-04
       8.5900000E+02       4.6685265E-04
       8.6000000E+02       4.6405799E-04
       8.6100000E+02       4.6128070E-04
       8.6200000E+02       4.5852255E-04
       8.6300000E+02       4.5578211E-04
       8.6400000E+02       4.5306014E-04
       8.6500000E+02       4.5035616E-04
       8.6600000E+02       4.4766965E-04
       8.6700000E+02       4.4500091E-04
       8.6800000E+02       4.4235057E-04
       8.6900000E+02       4.3971793E-04
       8.7000000E+02       4.3710304E-04
       8.7100000E+02       4.3450578E-04
       8.7200000E+02       4.3192672E-04
       8.7300000E+02       4.2936477E-04
       8.7400000E+02       4.2681990E-04
       8.7500000E+02       4.2429165E-04
       8.7600000E+02       4.2178007E-04
       8.7700000E+02       4.1928535E-04
       8.7800000E+02       4.1680768E-04
       8.7900000E+02       4.1434608E-04
       8.8000000E+02       4.1190046E-04
       8.8100000E+02       4.0947113E-04
       8.8200000E+02       4.0705732E-04
       8.8300000E+02       4.0465943E-04
       8.8400000E+02       4.0227736E-04
       8.8500000E+02       3.9991073E-04
       8.8600000E+02       3.9755949E-04
       8.8700000E+02       3.9522338E-04
       8.8800000E+02       3.9290302E-04
       8.8900000E+02       3.9059782E-04
       8.9000000E+02       3.8830764E-04
       8.9100000E+02       3.8603260E-04
       8.9200000E+02       3.8377268E-04
       8.9300000E+02       3.8152779E-04
       8.9400000E+02       3.7929797E-04
       8.9500000E+02       3.7708285E-04
       8.9600000E+02       3.7488239E-04
       8.9700000E+02       3.7269533E-04
       8.9800000E+02       3.7052276E-04
       8.9900000E+02       3.6836357E-04
       9.0000000E+02       3.6621830E-04
       9.0100000E+02       3.6408642E-04
       9.0200000E+02       3.6196827E-04
       9.0300000E+02       3.5986322E-04
       9.0400000E+02       3.5777164E-04
       9.0500000E+02       3.5569255E-04
       9.0600000E+02       3.5362664E-04
       9.0700000E+02       3.5157308E-04
       9.0800000E+02       3.4953278E-04
       9.0900000E+02       3.4750524E-04
       9.1000000E+02       3.4549009E-04
       9.1100000E+02       3.4348702E-04
       9.1200000E+02       3.4149681E-04
       9.1300000E+02       3.3951853E-04
       9.1400000E+02       3.3755225E-04
       9.1500000E+02       3.3559892E-04
       9.1600000E+02       3.3365688E-04
       9.1700000E+02       3.3172750E-04
       9.1800000E+02       3.2980964E-04
       9.1900000E+02       3.2790369E-04
       9.2000000E+02       3.2600970E-04
       9.2100000E+02       3.2412779E-04
       9.2200000E+02       3.2225714E-04
       9.2300000E+02       3.2039837E-04
       9.2400000E+02       3.1855144E-04
       9.2500000E+02       3.1671600E-04
       9.2600000E+02       3.1489242E-04
       9.2700000E+02       3.1308187E-04
       9.2800000E+02       3.1128363E-04
       9.2900000E+02       3.0949785E-04
       9.3000000E+02       3.0772330E-04
       9.3100000E+02       3.0596068E-04
       9.3200000E+02       3.0420924E-04
       9.3300000E+02       3.0246866E-04
       9.3400000E+02       3.0073914E-04
       9.3500000E+02       2.9902035E-04
       9.3600000E+02       2.9731219E-04
       9.3700000E+02       2.9561485E-04
       9.3800000E+02       2.9392791E-04
       9.3900000E+02       2.9225176E-04
       9.4000000E+02       2.9058577E-04
       9.4100000E+02       2.8893031E-04
       9.4200000E+02       2.8728470E-04
       9.4300000E+02       2.8565002E-04
       9.4400000E+02       2.8402501E-04
       9.4500000E+02       2.8241024E-04
       9.4600000E+02       2.8080537E-04
       9.4700000E+02       2.7921065E-04
       9.4800000E+02       2.7762560E-04
       9.4900000E+02       2.7605030E-04
       9.5000000E+02       2.7448483E-04
       9.5100000E+02       2.7292920E-04
       9.5200000E+02       2.7138295E-04
       9.5300000E+02       2.6984655E-04
       9.5400000E+02       2.6831962E-04
       9.5500000E+02       2.6680203E-04
       9.5600000E+02       2.6529341E-04
       9.5700000E+02       2.6379473E-04
       9.5800000E+02       2.6230502E-04
       9.5900000E+02       2.6082454E-04
       9.6000000E+02       2.5935343E-04
       9.6100000E+02       2.5789251E-04
       9.6200000E+02       2.5644255E-04
       9.6300000E+02       2.5500148E-04
       9.6400000E+02       2.5356925E-04
       9.6500000E+02       2.5214575E-04
       9.6600000E+02       2.5073078E-04
       9.6700000E+02       2.4932454E-04
       9.6800000E+02       2.4792633E-04
       9.6900000E+02       2.4653677E-04
       9.7000000E+02       2.4515542E-04
       9.7100000E+02       2.4378255E-04
       9.7200000E+02       2.4241759E-04
       9.7300000E+02       2.4106083E-04
       9.7400000E+02       2.3971200E-04
       9.7500000E+02       2.3837137E-04
       9.7600000E+02       2.3703845E-04
       9.7700000E+02       2.3571380E-04
       9.7800000E+02       2.3439687E-04
       9.7900000E+02       2.3308762E-04
       9.8000000E+02       2.3178618E-04
       9.8100000E+02       2.3049251E-04
       9.8200000E+02       2.2920647E-04
       9.8300000E+02       2.2792829E-04
       9.8400000E+02       2.2665790E-04
       9.8500000E+02       2.2539464E-04
       9.8600000E+02       2.2413938E-04
       9.8700000E+02       2.2289138E-04
       9.8800000E+02       2.2165103E-04
       9.8900000E+02       2.2041843E-04
       9.9000000E+02       2.1919454E-04
       9.9100000E+02       2.1797915E-04
       9.9200000E+02       2.1677109E-04
       9.9300000E+02       2.1557060E-04
       9.9400000E+02       2.1437729E-04
       9.9500000E+02       2.1319104E-04
       9.9600000E+02       2.1201193E-04
       9.9700000E+02       2.1084005E-04
       9.9800000E+02       2.0967516E-04
       9.9900000E+02       2.0851732E-04
       1.0000000E+03       2.0736638E-04
       1.0010000E+03       2.0622232E-04
       1.0020000E+03       2.0508513E-04
       1.0030000E+03       2.0395470E-04
       1.0040000E+03       2.0283124E-04
       1.0050000E+03       2.0171420E-04
       1.0060000E+03       2.0060396E-04
       1.0070000E+03       1.9950028E-04
       1.0080000E+03       1.9840327E-04
       1.0090000E+03       1.9731281E-04
       1.0100000E+03       1.9622872E-04
       1.0110000E+03       1.9515114E-04
       1.0120000E+03       1.9407997E-04
       1.0130000E+03       1.9301524E-04
       1.0140000E+03       1.9195671E-04
       1.0150000E+03       1.9090486E-04
       1.0160000E+03       1.8985949E-04
       1.0170000E+03       1.8882057E-04
       1.0180000E+03       1.8778820E-04
       1.0190000E+03       1.8676254E-04
       1.0200000E+03       1.8574377E-04
       1.0210000E+03       1.8473159E-04
       1.0220000E+03       1.8372550E-04
       1.0230000E+03       1.8272534E-04
       1.0240000E+03       1.8172534E-04
