       2.0000000E+00       9.9992383E-01
       3.0000000E+00       9.9983108E-01
       4.0000000E+00       9.9969327E-01
       5.0000000E+00       9.9951345E-01
       6.0000000E+00       9.9929929E-01
       7.0000000E+00       9.9905932E-01
       8.0000000E+00       9.9879980E-01
       9.0000000E+00       9.9851888E-01
       1.0000000E+01       9.9820942E-01
       1.1000000E+01       9.9786729E-01
       1.2000000E+01       9.9749422E-01
       1.3000000E+01       9.9709481E-01
       1.4000000E+01       9.9667090E-01
       1.5000000E+01       9.9622476E-01
       1.6000000E+01       9.9575508E-01
       1.7000000E+01       9.9526107E-01
       1.8000000E+01       9.9473977E-01
       1.9000000E+01       9.9419308E-01
       2.0000000E+01       9.9362367E-01
       2.1000000E+01       9.9303341E-01
       2.2000000E+01       9.9242115E-01
       2.3000000E+01       9.9178684E-01
       2.4000000E+01       9.9112940E-01
       2.5000000E+01       9.9044871E-01
       2.6000000E+01       9.8974699E-01
       2.7000000E+01       9.8902488E-01
       2.8000000E+01       9.8828310E-01
       2.9000000E+01       9.8752183E-01
       3.0000000E+01       9.8673999E-01
       3.1000000E+01       9.8593730E-01
       3.2000000E+01       9.8511469E-01
       3.3000000E+01       9.8427331E-01
       3.4000000E+01       9.8341519E-01
       3.5000000E+01       9.8253822E-01
       3.6000000E+01       9.8164278E-01
       3.7000000E+01       9.8072916E-01
       3.8000000E+01       9.7979718E-01
       3.9000000E+01       9.7884828E-01
       4.0000000E+01       9.7788268E-01
       4.1000000E+01       9.7690141E-01
       4.2000000E+01       9.7590333E-01
       4.3000000E+01       9.7488862E-01
       4.4000000E+01       9.7385770E-01
       4.5000000E+01       9.7281116E-01
       4.6000000E+01       9.7174978E-01
       4.7000000E+01       9.7067350E-01
       4.8000000E+01       9.6958297E-01
       4.9000000E+01       9.6847731E-01
       5.0000000E+01       9.6735656E-01
       5.1000000E+01       9.6622181E-01
       5.2000000E+01       9.6507335E-01
       5.3000000E+01       9.6391207E-01
       5.4000000E+01       9.6273857E-01
       5.5000000E+01       9.6155018E-01
       5.6000000E+01       9.6034932E-01
       5.7000000E+01       9.5913547E-01
       5.8000000E+01       9.5790952E-01
       5.9000000E+01       9.5667166E-01
       6.0000000E+01       9.5542276E-01
       6.1000000E+01       9.5416147E-01
       6.2000000E+01       9.5288879E-01
       6.3000000E+01       9.5160419E-01
       6.4000000E+01       9.5030844E-01
       6.5000000E+01       9.4900239E-01
       6.6000000E+01       9.4768685E-01
       6.7000000E+01       9.4635981E-01
       6.8000000E+01       9.4502282E-01
       6.9000000E+01       9.4367534E-01
       7.0000000E+01       9.4231850E-01
       7.1000000E+01       9.4095117E-01
       7.2000000E+01       9.3957585E-01
       7.3000000E+01       9.3819100E-01
       7.4000000E+01       9.3679690E-01
       7.5000000E+01       9.3539345E-01
       7.6000000E+01       9.3398201E-01
       7.7000000E+01       9.3256158E-01
       7.8000000E+01       9.3113303E-01
       7.9000000E+01       9.2969722E-01
       8.0000000E+01       9.2825305E-01
       8.1000000E+01       9.2680097E-01
       8.2000000E+01       9.2534083E-01
       8.3000000E+01       9.2387390E-01
       8.4000000E+01       9.2239904E-01
       8.5000000E+01       9.2091781E-01
       8.6000000E+01       9.1942996E-01
       8.7000000E+01       9.1793507E-01
       8.8000000E+01       9.1643292E-01
       8.9000000E+01       9.1492474E-01
       9.0000000E+01       9.1341019E-01
       9.1000000E+01       9.1188937E-01
       9.2000000E+01       9.1036248E-01
       9.3000000E+01       9.0883052E-01
       9.4000000E+01       9.0729231E-01
       9.5000000E+01       9.0574861E-01
       9.6000000E+01       9.0419942E-01
       9.7000000E+01       9.0264481E-01
       9.8000000E+01       9.0108573E-01
       9.9000000E+01       8.9952117E-01
       1.0000000E+02       8.9795154E-01
       1.0100000E+02       8.9637738E-01
       1.0200000E+02       8.9479834E-01
       1.0300000E+02       8.9321548E-01
       1.0400000E+02       8.9162785E-01
       1.0500000E+02       8.9003599E-01
       1.0600000E+02       8.8844007E-01
       1.0700000E+02       8.8684005E-01
       1.0800000E+02       8.8523608E-01
       1.0900000E+02       8.8362825E-01
       1.1000000E+02       8.8201666E-01
       1.1100000E+02       8.8040245E-01
       1.1200000E+02       8.7878430E-01
       1.1300000E+02       8.7716234E-01
       1.1400000E+02       8.7553775E-01
       1.1500000E+02       8.7390918E-01
       1.1600000E+02       8.7227875E-01
       1.1700000E+02       8.7064499E-01
       1.1800000E+02       8.6900806E-01
       1.1900000E+02       8.6736894E-01
       1.2000000E+02       8.6572659E-01
       1.2100000E+02       8.6408257E-01
       1.2200000E+02       8.6243546E-01
       1.2300000E+02       8.6078650E-01
       1.2400000E+02       8.5913503E-01
       1.2500000E+02       8.5748154E-01
       1.2600000E+02       8.5582584E-01
       1.2700000E+02       8.5416824E-01
       1.2800000E+02       8.5250914E-01
       1.2900000E+02       8.5084802E-01
       1.3000000E+02       8.4918529E-01
       1.3100000E+02       8.4752029E-01
       1.3200000E+02       8.4585440E-01
       1.3300000E+02       8.4418666E-01
       1.3400000E+02       8.4251767E-01
       1.3500000E+02       8.4084803E-01
       1.3600000E+02       8.3917636E-01
       1.3700000E+02       8.3750373E-01
       1.3800000E+02       8.3582997E-01
       1.3900000E+02       8.3415496E-01
       1.4000000E+02       8.3247954E-01
       1.4100000E+02       8.3080274E-01
       1.4200000E+02       8.2912594E-01
       1.4300000E+02       8.2744813E-01
       1.4400000E+02       8.2576925E-01
       1.4500000E+02       8.2408994E-01
       1.4600000E+02       8.2240963E-01
       1.4700000E+02       8.2072955E-01
       1.4800000E+02       8.1904870E-01
       1.4900000E+02       8.1736749E-01
       1.5000000E+02       8.1568599E-01
       1.5100000E+02       8.1400418E-01
       1.5200000E+02       8.1232262E-01
       1.5300000E+02       8.1064123E-01
       1.5400000E+02       8.0895853E-01
       1.5500000E+02       8.0727679E-01
       1.5600000E+02       8.0559456E-01
       1.5700000E+02       8.0391276E-01
       1.5800000E+02       8.0223101E-01
       1.5900000E+02       8.0054927E-01
       1.6000000E+02       7.9886770E-01
       1.6100000E+02       7.9718715E-01
       1.6200000E+02       7.9550624E-01
       1.6300000E+02       7.9382616E-01
       1.6400000E+02       7.9214603E-01
       1.6500000E+02       7.9046673E-01
       1.6600000E+02       7.8878760E-01
       1.6700000E+02       7.8710943E-01
       1.6800000E+02       7.8543180E-01
       1.6900000E+02       7.8375489E-01
       1.7000000E+02       7.8207821E-01
       1.7100000E+02       7.8040308E-01
       1.7200000E+02       7.7872819E-01
       1.7300000E+02       7.7705455E-01
       1.7400000E+02       7.7538139E-01
       1.7500000E+02       7.7370906E-01
       1.7600000E+02       7.7203780E-01
       1.7700000E+02       7.7036738E-01
       1.7800000E+02       7.6869839E-01
       1.7900000E+02       7.6703036E-01
       1.8000000E+02       7.6536268E-01
       1.8100000E+02       7.6369685E-01
       1.8200000E+02       7.6203215E-01
       1.8300000E+02       7.6036817E-01
       1.8400000E+02       7.5870556E-01
       1.8500000E+02       7.5704437E-01
       1.8600000E+02       7.5538480E-01
       1.8700000E+02       7.5372624E-01
       1.8800000E+02       7.5206876E-01
       1.8900000E+02       7.5041246E-01
       1.9000000E+02       7.4875844E-01
       1.9100000E+02       7.4710506E-01
       1.9200000E+02       7.4545336E-01
       1.9300000E+02       7.4380338E-01
       1.9400000E+02       7.4215466E-01
       1.9500000E+02       7.4050748E-01
       1.9600000E+02       7.3886186E-01
       1.9700000E+02       7.3721772E-01
       1.9800000E+02       7.3557544E-01
       1.9900000E+02       7.3393416E-01
       2.0000000E+02       7.3229516E-01
       2.0100000E+02       7.3065794E-01
       2.0200000E+02       7.2902268E-01
       2.0300000E+02       7.2738832E-01
       2.0400000E+02       7.2575569E-01
       2.0500000E+02       7.2412574E-01
       2.0600000E+02       7.2249681E-01
       2.0700000E+02       7.2087008E-01
       2.0800000E+02       7.1924460E-01
       2.0900000E+02       7.1762139E-01
       2.1000000E+02       7.1599972E-01
       2.1100000E+02       7.1438080E-01
       2.1200000E+02       7.1276313E-01
       2.1300000E+02       7.1114755E-01
       2.1400000E+02       7.0953357E-01
       2.1500000E+02       7.0792198E-01
       2.1600000E+02       7.0631188E-01
       2.1700000E+02       7.0470411E-01
       2.1800000E+02       7.0309860E-01
       2.1900000E+02       7.0149517E-01
       2.2000000E+02       6.9989318E-01
       2.2100000E+02       6.9829345E-01
       2.2200000E+02       6.9669580E-01
       2.2300000E+02       6.9510061E-01
       2.2400000E+02       6.9350696E-01
       2.2500000E+02       6.9191611E-01
       2.2600000E+02       6.9032699E-01
       2.2700000E+02       6.8873960E-01
       2.2800000E+02       6.8715483E-01
       2.2900000E+02       6.8557209E-01
       2.3000000E+02       6.8399161E-01
       2.3100000E+02       6.8241340E-01
       2.3200000E+02       6.8083715E-01
       2.3300000E+02       6.7926323E-01
       2.3400000E+02       6.7769140E-01
       2.3500000E+02       6.7612255E-01
       2.3600000E+02       6.7455530E-01
       2.3700000E+02       6.7299062E-01
       2.3800000E+02       6.7142749E-01
       2.3900000E+02       6.6986710E-01
       2.4000000E+02       6.6830927E-01
       2.4100000E+02       6.6675323E-01
       2.4200000E+02       6.6519970E-01
       2.4300000E+02       6.6364872E-01
       2.4400000E+02       6.6209996E-01
       2.4500000E+02       6.6055304E-01
       2.4600000E+02       6.5900910E-01
       2.4700000E+02       6.5746754E-01
       2.4800000E+02       6.5592796E-01
       2.4900000E+02       6.5439075E-01
       2.5000000E+02       6.5285575E-01
       2.5100000E+02       6.5132391E-01
       2.5200000E+02       6.4979422E-01
       2.5300000E+02       6.4826667E-01
       2.5400000E+02       6.4674163E-01
       2.5500000E+02       6.4521855E-01
       2.5600000E+02       6.4369833E-01
       2.5700000E+02       6.4218062E-01
       2.5800000E+02       6.4066517E-01
       2.5900000E+02       6.3915241E-01
       2.6000000E+02       6.3764203E-01
       2.6100000E+02       6.3613337E-01
       2.6200000E+02       6.3462782E-01
       2.6300000E+02       6.3312531E-01
       2.6400000E+02       6.3162440E-01
       2.6500000E+02       6.3012612E-01
       2.6600000E+02       6.2862998E-01
       2.6700000E+02       6.2713695E-01
       2.6800000E+02       6.2564629E-01
       2.6900000E+02       6.2415802E-01
       2.7000000E+02       6.2267220E-01
       2.7100000E+02       6.2118900E-01
       2.7200000E+02       6.1970836E-01
       2.7300000E+02       6.1822993E-01
       2.7400000E+02       6.1675441E-01
       2.7500000E+02       6.1528111E-01
       2.7600000E+02       6.1381018E-01
       2.7700000E+02       6.1234248E-01
       2.7800000E+02       6.1087674E-01
       2.7900000E+02       6.0941333E-01
       2.8000000E+02       6.0795259E-01
       2.8100000E+02       6.0649467E-01
       2.8200000E+02       6.0503906E-01
       2.8300000E+02       6.0358632E-01
       2.8400000E+02       6.0213554E-01
       2.8500000E+02       6.0068798E-01
       2.8600000E+02       5.9924257E-01
       2.8700000E+02       5.9779966E-01
       2.8800000E+02       5.9635931E-01
       2.8900000E+02       5.9492153E-01
       2.9000000E+02       5.9348649E-01
       2.9100000E+02       5.9205395E-01
       2.9200000E+02       5.9062392E-01
       2.9300000E+02       5.8919638E-01
       2.9400000E+02       5.8777183E-01
       2.9500000E+02       5.8634961E-01
       2.9600000E+02       5.8492970E-01
       2.9700000E+02       5.8351249E-01
       2.9800000E+02       5.8209771E-01
       2.9900000E+02       5.8068591E-01
       3.0000000E+02       5.7927620E-01
       3.0100000E+02       5.7786918E-01
       3.0200000E+02       5.7646495E-01
       3.0300000E+02       5.7506329E-01
       3.0400000E+02       5.7366431E-01
       3.0500000E+02       5.7226765E-01
       3.0600000E+02       5.7087386E-01
       3.0700000E+02       5.6948221E-01
       3.0800000E+02       5.6809336E-01
       3.0900000E+02       5.6670690E-01
       3.1000000E+02       5.6532317E-01
       3.1100000E+02       5.6394190E-01
       3.1200000E+02       5.6256396E-01
       3.1300000E+02       5.6118774E-01
       3.1400000E+02       5.5981427E-01
       3.1500000E+02       5.5844355E-01
       3.1600000E+02       5.5707532E-01
       3.1700000E+02       5.5570966E-01
       3.1800000E+02       5.5434644E-01
       3.1900000E+02       5.5298585E-01
       3.2000000E+02       5.5162823E-01
       3.2100000E+02       5.5027318E-01
       3.2200000E+02       5.4892004E-01
       3.2300000E+02       5.4757005E-01
       3.2400000E+02       5.4622263E-01
       3.2500000E+02       5.4487777E-01
       3.2600000E+02       5.4353541E-01
       3.2700000E+02       5.4219526E-01
       3.2800000E+02       5.4085809E-01
       3.2900000E+02       5.3952318E-01
       3.3000000E+02       5.3819114E-01
       3.3100000E+02       5.3686184E-01
       3.3200000E+02       5.3553474E-01
       3.3300000E+02       5.3421032E-01
       3.3400000E+02       5.3288853E-01
       3.3500000E+02       5.3156930E-01
       3.3600000E+02       5.3025264E-01
       3.3700000E+02       5.2893865E-01
       3.3800000E+02       5.2762687E-01
       3.3900000E+02       5.2631813E-01
       3.4000000E+02       5.2501160E-01
       3.4100000E+02       5.2370793E-01
       3.4200000E+02       5.2240652E-01
       3.4300000E+02       5.2110803E-01
       3.4400000E+02       5.1981181E-01
       3.4500000E+02       5.1851809E-01
       3.4600000E+02       5.1722723E-01
       3.4700000E+02       5.1593858E-01
       3.4800000E+02       5.1465267E-01
       3.4900000E+02       5.1336926E-01
       3.5000000E+02       5.1208848E-01
       3.5100000E+02       5.1081020E-01
       3.5200000E+02       5.0953472E-01
       3.5300000E+02       5.0826138E-01
       3.5400000E+02       5.0699079E-01
       3.5500000E+02       5.0572217E-01
       3.5600000E+02       5.0445688E-01
       3.5700000E+02       5.0319397E-01
       3.5800000E+02       5.0193375E-01
       3.5900000E+02       5.0067556E-01
       3.6000000E+02       4.9942005E-01
       3.6100000E+02       4.9816751E-01
       3.6200000E+02       4.9691725E-01
       3.6300000E+02       4.9566936E-01
       3.6400000E+02       4.9442390E-01
       3.6500000E+02       4.9318120E-01
       3.6600000E+02       4.9194086E-01
       3.6700000E+02       4.9070328E-01
       3.6800000E+02       4.8946792E-01
       3.6900000E+02       4.8823509E-01
       3.7000000E+02       4.8700535E-01
       3.7100000E+02       4.8577747E-01
       3.7200000E+02       4.8455238E-01
       3.7300000E+02       4.8332977E-01
       3.7400000E+02       4.8210952E-01
       3.7500000E+02       4.8089197E-01
       3.7600000E+02       4.7967687E-01
       3.7700000E+02       4.7846454E-01
       3.7800000E+02       4.7725406E-01
       3.7900000E+02       4.7604653E-01
       3.8000000E+02       4.7484151E-01
       3.8100000E+02       4.7363845E-01
       3.8200000E+02       4.7243837E-01
       3.8300000E+02       4.7124085E-01
       3.8400000E+02       4.7004578E-01
       3.8500000E+02       4.6885297E-01
       3.8600000E+02       4.6766272E-01
       3.8700000E+02       4.6647471E-01
       3.8800000E+02       4.6528977E-01
       3.8900000E+02       4.6410674E-01
       3.9000000E+02       4.6292618E-01
       3.9100000E+02       4.6174866E-01
       3.9200000E+02       4.6057323E-01
       3.9300000E+02       4.5940015E-01
       3.9400000E+02       4.5822915E-01
       3.9500000E+02       4.5706135E-01
       3.9600000E+02       4.5589581E-01
       3.9700000E+02       4.5473260E-01
       3.9800000E+02       4.5357183E-01
       3.9900000E+02       4.5241356E-01
       4.0000000E+02       4.5125791E-01
       4.0100000E+02       4.5010439E-01
       4.0200000E+02       4.4895321E-01
       4.0300000E+02       4.4780463E-01
       4.0400000E+02       4.4665864E-01
       4.0500000E+02       4.4551498E-01
       4.0600000E+02       4.4437391E-01
       4.0700000E+02       4.4323477E-01
       4.0800000E+02       4.4209859E-01
       4.0900000E+02       4.4096476E-01
       4.1000000E+02       4.3983302E-01
       4.1100000E+02       4.3870381E-01
       4.1200000E+02       4.3757701E-01
       4.1300000E+02       4.3645263E-01
       4.1400000E+02       4.3533060E-01
       4.1500000E+02       4.3421105E-01
       4.1600000E+02       4.3309367E-01
       4.1700000E+02       4.3197888E-01
       4.1800000E+02       4.3086663E-01
       4.1900000E+02       4.2975676E-01
       4.2000000E+02       4.2864901E-01
       4.2100000E+02       4.2754379E-01
       4.2200000E+02       4.2644092E-01
       4.2300000E+02       4.2534032E-01
       4.2400000E+02       4.2424217E-01
       4.2500000E+02       4.2314652E-01
       4.2600000E+02       4.2205298E-01
       4.2700000E+02       4.2096227E-01
       4.2800000E+02       4.1987348E-01
       4.2900000E+02       4.1878712E-01
       4.3000000E+02       4.1770339E-01
       4.3100000E+02       4.1662148E-01
       4.3200000E+02       4.1554224E-01
       4.3300000E+02       4.1446543E-01
       4.3400000E+02       4.1339090E-01
       4.3500000E+02       4.1231871E-01
       4.3600000E+02       4.1124889E-01
       4.3700000E+02       4.1018116E-01
       4.3800000E+02       4.0911567E-01
       4.3900000E+02       4.0805313E-01
       4.4000000E+02       4.0699229E-01
       4.4100000E+02       4.0593421E-01
       4.4200000E+02       4.0487832E-01
       4.4300000E+02       4.0382466E-01
       4.4400000E+02       4.0277359E-01
       4.4500000E+02       4.0172425E-01
       4.4600000E+02       4.0067786E-01
       4.4700000E+02       3.9963320E-01
       4.4800000E+02       3.9859113E-01
       4.4900000E+02       3.9755148E-01
       4.5000000E+02       3.9651361E-01
       4.5100000E+02       3.9547884E-01
       4.5200000E+02       3.9444563E-01
       4.5300000E+02       3.9341506E-01
       4.5400000E+02       3.9238659E-01
       4.5500000E+02       3.9136043E-01
       4.5600000E+02       3.9033657E-01
       4.5700000E+02       3.8931501E-01
       4.5800000E+02       3.8829577E-01
       4.5900000E+02       3.8727883E-01
       4.6000000E+02       3.8626412E-01
       4.6100000E+02       3.8525146E-01
       4.6200000E+02       3.8424110E-01
       4.6300000E+02       3.8323319E-01
       4.6400000E+02       3.8222724E-01
       4.6500000E+02       3.8122398E-01
       4.6600000E+02       3.8022244E-01
       4.6700000E+02       3.7922347E-01
       4.6800000E+02       3.7822664E-01
       4.6900000E+02       3.7723204E-01
       4.7000000E+02       3.7623966E-01
       4.7100000E+02       3.7524951E-01
       4.7200000E+02       3.7426177E-01
       4.7300000E+02       3.7327600E-01
       4.7400000E+02       3.7229237E-01
       4.7500000E+02       3.7131131E-01
       4.7600000E+02       3.7033209E-01
       4.7700000E+02       3.6935520E-01
       4.7800000E+02       3.6838046E-01
       4.7900000E+02       3.6740795E-01
       4.8000000E+02       3.6643788E-01
       4.8100000E+02       3.6546981E-01
       4.8200000E+02       3.6450389E-01
       4.8300000E+02       3.6354020E-01
       4.8400000E+02       3.6257875E-01
       4.8500000E+02       3.6161947E-01
       4.8600000E+02       3.6066216E-01
       4.8700000E+02       3.5970733E-01
       4.8800000E+02       3.5875422E-01
       4.8900000E+02       3.5780370E-01
       4.9000000E+02       3.5685495E-01
       4.9100000E+02       3.5590872E-01
       4.9200000E+02       3.5496461E-01
       4.9300000E+02       3.5402241E-01
       4.9400000E+02       3.5308251E-01
       4.9500000E+02       3.5214472E-01
       4.9600000E+02       3.5120901E-01
       4.9700000E+02       3.5027581E-01
       4.9800000E+02       3.4934437E-01
       4.9900000E+02       3.4841493E-01
       5.0000000E+02       3.4748799E-01
       5.0100000E+02       3.4656292E-01
       5.0200000E+02       3.4564027E-01
       5.0300000E+02       3.4471947E-01
       5.0400000E+02       3.4380075E-01
       5.0500000E+02       3.4288424E-01
       5.0600000E+02       3.4196973E-01
       5.0700000E+02       3.4105730E-01
       5.0800000E+02       3.4014738E-01
       5.0900000E+02       3.3923921E-01
       5.1000000E+02       3.3833319E-01
       5.1100000E+02       3.3742946E-01
       5.1200000E+02       3.3652762E-01
       5.1300000E+02       3.3562756E-01
       5.1400000E+02       3.3472979E-01
       5.1500000E+02       3.3383429E-01
       5.1600000E+02       3.3294094E-01
       5.1700000E+02       3.3204925E-01
       5.1800000E+02       3.3116013E-01
       5.1900000E+02       3.3027241E-01
       5.2000000E+02       3.2938725E-01
       5.2100000E+02       3.2850417E-01
       5.2200000E+02       3.2762304E-01
       5.2300000E+02       3.2674369E-01
       5.2400000E+02       3.2586661E-01
       5.2500000E+02       3.2499167E-01
       5.2600000E+02       3.2411870E-01
       5.2700000E+02       3.2324761E-01
       5.2800000E+02       3.2237875E-01
       5.2900000E+02       3.2151216E-01
       5.3000000E+02       3.2064700E-01
       5.3100000E+02       3.1978419E-01
       5.3200000E+02       3.1892326E-01
       5.3300000E+02       3.1806442E-01
       5.3400000E+02       3.1720772E-01
       5.3500000E+02       3.1635302E-01
       5.3600000E+02       3.1550005E-01
       5.3700000E+02       3.1464922E-01
       5.3800000E+02       3.1380057E-01
       5.3900000E+02       3.1295380E-01
       5.4000000E+02       3.1210876E-01
       5.4100000E+02       3.1126601E-01
       5.4200000E+02       3.1042522E-01
       5.4300000E+02       3.0958626E-01
       5.4400000E+02       3.0874950E-01
       5.4500000E+02       3.0791441E-01
       5.4600000E+02       3.0708140E-01
       5.4700000E+02       3.0625048E-01
       5.4800000E+02       3.0542141E-01
       5.4900000E+02       3.0459437E-01
       5.5000000E+02       3.0376932E-01
       5.5100000E+02       3.0294594E-01
       5.5200000E+02       3.0212504E-01
       5.5300000E+02       3.0130580E-01
       5.5400000E+02       3.0048829E-01
       5.5500000E+02       2.9967311E-01
       5.5600000E+02       2.9885945E-01
       5.5700000E+02       2.9804805E-01
       5.5800000E+02       2.9723835E-01
       5.5900000E+02       2.9643080E-01
       5.6000000E+02       2.9562509E-01
       5.6100000E+02       2.9482129E-01
       5.6200000E+02       2.9401946E-01
       5.6300000E+02       2.9321939E-01
       5.6400000E+02       2.9242143E-01
       5.6500000E+02       2.9162505E-01
       5.6600000E+02       2.9083088E-01
       5.6700000E+02       2.9003844E-01
       5.6800000E+02       2.8924796E-01
       5.6900000E+02       2.8845927E-01
       5.7000000E+02       2.8767267E-01
       5.7100000E+02       2.8688791E-01
       5.7200000E+02       2.8610489E-01
       5.7300000E+02       2.8532380E-01
       5.7400000E+02       2.8454456E-01
       5.7500000E+02       2.8376737E-01
       5.7600000E+02       2.8299198E-01
       5.7700000E+02       2.8221822E-01
       5.7800000E+02       2.8144649E-01
       5.7900000E+02       2.8067654E-01
       5.8000000E+02       2.7990860E-01
       5.8100000E+02       2.7914250E-01
       5.8200000E+02       2.7837822E-01
       5.8300000E+02       2.7761564E-01
       5.8400000E+02       2.7685487E-01
       5.8500000E+02       2.7609619E-01
       5.8600000E+02       2.7533922E-01
       5.8700000E+02       2.7458411E-01
       5.8800000E+02       2.7383083E-01
       5.8900000E+02       2.7307937E-01
       5.9000000E+02       2.7232966E-01
       5.9100000E+02       2.7158171E-01
       5.9200000E+02       2.7083570E-01
       5.9300000E+02       2.7009156E-01
       5.9400000E+02       2.6934913E-01
       5.9500000E+02       2.6860863E-01
       5.9600000E+02       2.6786965E-01
       5.9700000E+02       2.6713261E-01
       5.9800000E+02       2.6639742E-01
       5.9900000E+02       2.6566395E-01
       6.0000000E+02       2.6493227E-01
       6.0100000E+02       2.6420236E-01
       6.0200000E+02       2.6347432E-01
       6.0300000E+02       2.6274800E-01
       6.0400000E+02       2.6202351E-01
       6.0500000E+02       2.6130059E-01
       6.0600000E+02       2.6057965E-01
       6.0700000E+02       2.5986052E-01
       6.0800000E+02       2.5914291E-01
       6.0900000E+02       2.5842708E-01
       6.1000000E+02       2.5771308E-01
       6.1100000E+02       2.5700080E-01
       6.1200000E+02       2.5629029E-01
       6.1300000E+02       2.5558150E-01
       6.1400000E+02       2.5487465E-01
       6.1500000E+02       2.5416929E-01
       6.1600000E+02       2.5346571E-01
       6.1700000E+02       2.5276390E-01
       6.1800000E+02       2.5206387E-01
       6.1900000E+02       2.5136542E-01
       6.2000000E+02       2.5066879E-01
       6.2100000E+02       2.4997386E-01
       6.2200000E+02       2.4928059E-01
       6.2300000E+02       2.4858910E-01
       6.2400000E+02       2.4789916E-01
       6.2500000E+02       2.4721111E-01
       6.2600000E+02       2.4652475E-01
       6.2700000E+02       2.4583994E-01
       6.2800000E+02       2.4515693E-01
       6.2900000E+02       2.4447562E-01
       6.3000000E+02       2.4379587E-01
       6.3100000E+02       2.4311791E-01
       6.3200000E+02       2.4244167E-01
       6.3300000E+02       2.4176703E-01
       6.3400000E+02       2.4109414E-01
       6.3500000E+02       2.4042284E-01
       6.3600000E+02       2.3975319E-01
       6.3700000E+02       2.3908523E-01
       6.3800000E+02       2.3841901E-01
       6.3900000E+02       2.3775437E-01
       6.4000000E+02       2.3709123E-01
       6.4100000E+02       2.3642997E-01
       6.4200000E+02       2.3577023E-01
       6.4300000E+02       2.3511222E-01
       6.4400000E+02       2.3445567E-01
       6.4500000E+02       2.3380102E-01
       6.4600000E+02       2.3314777E-01
       6.4700000E+02       2.3249632E-01
       6.4800000E+02       2.3184653E-01
       6.4900000E+02       2.3119819E-01
       6.5000000E+02       2.3055151E-01
       6.5100000E+02       2.2990650E-01
       6.5200000E+02       2.2926314E-01
       6.5300000E+02       2.2862136E-01
       6.5400000E+02       2.2798108E-01
       6.5500000E+02       2.2734253E-01
       6.5600000E+02       2.2670560E-01
       6.5700000E+02       2.2607017E-01
       6.5800000E+02       2.2543633E-01
       6.5900000E+02       2.2480415E-01
       6.6000000E+02       2.2417350E-01
       6.6100000E+02       2.2354451E-01
       6.6200000E+02       2.2291704E-01
       6.6300000E+02       2.2229116E-01
       6.6400000E+02       2.2166677E-01
       6.6500000E+02       2.2104409E-01
       6.6600000E+02       2.2042298E-01
       6.6700000E+02       2.1980329E-01
       6.6800000E+02       2.1918523E-01
       6.6900000E+02       2.1856876E-01
       6.7000000E+02       2.1795380E-01
       6.7100000E+02       2.1734048E-01
       6.7200000E+02       2.1672864E-01
       6.7300000E+02       2.1611843E-01
       6.7400000E+02       2.1550965E-01
       6.7500000E+02       2.1490240E-01
       6.7600000E+02       2.1429686E-01
       6.7700000E+02       2.1369261E-01
       6.7800000E+02       2.1309014E-01
       6.7900000E+02       2.1248907E-01
       6.8000000E+02       2.1188940E-01
       6.8100000E+02       2.1129142E-01
       6.8200000E+02       2.1069492E-01
       6.8300000E+02       2.1009986E-01
       6.8400000E+02       2.0950654E-01
       6.8500000E+02       2.0891447E-01
       6.8600000E+02       2.0832402E-01
       6.8700000E+02       2.0773506E-01
       6.8800000E+02       2.0714755E-01
       6.8900000E+02       2.0656165E-01
       6.9000000E+02       2.0597704E-01
       6.9100000E+02       2.0539413E-01
       6.9200000E+02       2.0481256E-01
       6.9300000E+02       2.0423250E-01
       6.9400000E+02       2.0365399E-01
       6.9500000E+02       2.0307697E-01
       6.9600000E+02       2.0250136E-01
       6.9700000E+02       2.0192720E-01
       6.9800000E+02       2.0135465E-01
       6.9900000E+02       2.0078336E-01
       7.0000000E+02       2.0021364E-01
       7.0100000E+02       1.9964534E-01
       7.0200000E+02       1.9907852E-01
       7.0300000E+02       1.9851311E-01
       7.0400000E+02       1.9794928E-01
       7.0500000E+02       1.9738673E-01
       7.0600000E+02       1.9682576E-01
       7.0700000E+02       1.9626610E-01
       7.0800000E+02       1.9570793E-01
       7.0900000E+02       1.9515121E-01
       7.1000000E+02       1.9459587E-01
       7.1100000E+02       1.9404210E-01
       7.1200000E+02       1.9348958E-01
       7.1300000E+02       1.9293863E-01
       7.1400000E+02       1.9238900E-01
       7.1500000E+02       1.9184068E-01
       7.1600000E+02       1.9129403E-01
       7.1700000E+02       1.9074863E-01
       7.1800000E+02       1.9020467E-01
       7.1900000E+02       1.8966207E-01
       7.2000000E+02       1.8912096E-01
       7.2100000E+02       1.8858129E-01
       7.2200000E+02       1.8804288E-01
       7.2300000E+02       1.8750587E-01
       7.2400000E+02       1.8697019E-01
       7.2500000E+02       1.8643601E-01
       7.2600000E+02       1.8590331E-01
       7.2700000E+02       1.8537180E-01
       7.2800000E+02       1.8484175E-01
       7.2900000E+02       1.8431298E-01
       7.3000000E+02       1.8378568E-01
       7.3100000E+02       1.8325973E-01
       7.3200000E+02       1.8273506E-01
       7.3300000E+02       1.8221194E-01
       7.3400000E+02       1.8169007E-01
       7.3500000E+02       1.8116945E-01
       7.3600000E+02       1.8065040E-01
       7.3700000E+02       1.8013243E-01
       7.3800000E+02       1.7961597E-01
       7.3900000E+02       1.7910083E-01
       7.4000000E+02       1.7858714E-01
       7.4100000E+02       1.7807461E-01
       7.4200000E+02       1.7756350E-01
       7.4300000E+02       1.7705375E-01
       7.4400000E+02       1.7654526E-01
       7.4500000E+02       1.7603810E-01
       7.4600000E+02       1.7553228E-01
       7.4700000E+02       1.7502780E-01
       7.4800000E+02       1.7452462E-01
       7.4900000E+02       1.7402269E-01
       7.5000000E+02       1.7352208E-01
       7.5100000E+02       1.7302291E-01
       7.5200000E+02       1.7252494E-01
       7.5300000E+02       1.7202823E-01
       7.5400000E+02       1.7153293E-01
       7.5500000E+02       1.7103893E-01
       7.5600000E+02       1.7054610E-01
       7.5700000E+02       1.7005472E-01
       7.5800000E+02       1.6956444E-01
       7.5900000E+02       1.6907565E-01
       7.6000000E+02       1.6858795E-01
       7.6100000E+02       1.6810168E-01
       7.6200000E+02       1.6761659E-01
       7.6300000E+02       1.6713279E-01
       7.6400000E+02       1.6665031E-01
       7.6500000E+02       1.6616909E-01
       7.6600000E+02       1.6568913E-01
       7.6700000E+02       1.6521031E-01
       7.6800000E+02       1.6473295E-01
       7.6900000E+02       1.6425678E-01
       7.7000000E+02       1.6378179E-01
       7.7100000E+02       1.6330813E-01
       7.7200000E+02       1.6283564E-01
       7.7300000E+02       1.6236450E-01
       7.7400000E+02       1.6189443E-01
       7.7500000E+02       1.6142577E-01
       7.7600000E+02       1.6095823E-01
       7.7700000E+02       1.6049200E-01
       7.7800000E+02       1.6002700E-01
       7.7900000E+02       1.5956317E-01
       7.8000000E+02       1.5910065E-01
       7.8100000E+02       1.5863930E-01
       7.8200000E+02       1.5817919E-01
       7.8300000E+02       1.5772027E-01
       7.8400000E+02       1.5726253E-01
       7.8500000E+02       1.5680601E-01
       7.8600000E+02       1.5635079E-01
       7.8700000E+02       1.5589677E-01
       7.8800000E+02       1.5544395E-01
       7.8900000E+02       1.5499225E-01
       7.9000000E+02       1.5454181E-01
       7.9100000E+02       1.5409246E-01
       7.9200000E+02       1.5364438E-01
       7.9300000E+02       1.5319759E-01
       7.9400000E+02       1.5275182E-01
       7.9500000E+02       1.5230720E-01
       7.9600000E+02       1.5186399E-01
       7.9700000E+02       1.5142179E-01
       7.9800000E+02       1.5098074E-01
       7.9900000E+02       1.5054101E-01
       8.0000000E+02       1.5010233E-01
       8.0100000E+02       1.4966494E-01
       8.0200000E+02       1.4922859E-01
       8.0300000E+02       1.4879347E-01
       8.0400000E+02       1.4835943E-01
       8.0500000E+02       1.4792661E-01
       8.0600000E+02       1.4749496E-01
       8.0700000E+02       1.4706445E-01
       8.0800000E+02       1.4663507E-01
       8.0900000E+02       1.4620689E-01
       8.1000000E+02       1.4577977E-01
       8.1100000E+02       1.4535381E-01
       8.1200000E+02       1.4492904E-01
       8.1300000E+02       1.4450537E-01
       8.1400000E+02       1.4408278E-01
       8.1500000E+02       1.4366145E-01
       8.1600000E+02       1.4324120E-01
       8.1700000E+02       1.4282197E-01
       8.1800000E+02       1.4240398E-01
       8.1900000E+02       1.4198712E-01
       8.2000000E+02       1.4157128E-01
       8.2100000E+02       1.4115658E-01
       8.2200000E+02       1.4074306E-01
       8.2300000E+02       1.4033064E-01
       8.2400000E+02       1.3991928E-01
       8.2500000E+02       1.3950908E-01
       8.2600000E+02       1.3909988E-01
       8.2700000E+02       1.3869189E-01
       8.2800000E+02       1.3828503E-01
       8.2900000E+02       1.3787906E-01
       8.3000000E+02       1.3747428E-01
       8.3100000E+02       1.3707069E-01
       8.3200000E+02       1.3666807E-01
       8.3300000E+02       1.3626663E-01
       8.3400000E+02       1.3586622E-01
       8.3500000E+02       1.3546686E-01
       8.3600000E+02       1.3506861E-01
       8.3700000E+02       1.3467154E-01
       8.3800000E+02       1.3427536E-01
       8.3900000E+02       1.3388030E-01
       8.4000000E+02       1.3348633E-01
       8.4100000E+02       1.3309348E-01
       8.4200000E+02       1.3270169E-01
       8.4300000E+02       1.3231079E-01
       8.4400000E+02       1.3192111E-01
       8.4500000E+02       1.3153243E-01
       8.4600000E+02       1.3114475E-01
       8.4700000E+02       1.3075821E-01
       8.4800000E+02       1.3037267E-01
       8.4900000E+02       1.2998816E-01
       8.5000000E+02       1.2960477E-01
       8.5100000E+02       1.2922230E-01
       8.5200000E+02       1.2884097E-01
       8.5300000E+02       1.2846068E-01
       8.5400000E+02       1.2808129E-01
       8.5500000E+02       1.2770303E-01
       8.5600000E+02       1.2732580E-01
       8.5700000E+02       1.2694961E-01
       8.5800000E+02       1.2657434E-01
       8.5900000E+02       1.2620023E-01
       8.6000000E+02       1.2582706E-01
       8.6100000E+02       1.2545490E-01
       8.6200000E+02       1.2508382E-01
       8.6300000E+02       1.2471362E-01
       8.6400000E+02       1.2434446E-01
       8.6500000E+02       1.2397639E-01
       8.6600000E+02       1.2360931E-01
       8.6700000E+02       1.2324321E-01
       8.6800000E+02       1.2287805E-01
       8.6900000E+02       1.2251391E-01
       8.7000000E+02       1.2215088E-01
       8.7100000E+02       1.2178873E-01
       8.7200000E+02       1.2142750E-01
       8.7300000E+02       1.2106735E-01
       8.7400000E+02       1.2070816E-01
       8.7500000E+02       1.2035000E-01
       8.7600000E+02       1.1999279E-01
       8.7700000E+02       1.1963648E-01
       8.7800000E+02       1.1928130E-01
       8.7900000E+02       1.1892705E-01
       8.8000000E+02       1.1857363E-01
       8.8100000E+02       1.1822131E-01
       8.8200000E+02       1.1786988E-01
       8.8300000E+02       1.1751948E-01
       8.8400000E+02       1.1717007E-01
       8.8500000E+02       1.1682160E-01
       8.8600000E+02       1.1647398E-01
       8.8700000E+02       1.1612741E-01
       8.8800000E+02       1.1578169E-01
       8.8900000E+02       1.1543708E-01
       8.9000000E+02       1.1509331E-01
       8.9100000E+02       1.1475050E-01
       8.9200000E+02       1.1440860E-01
       8.9300000E+02       1.1406764E-01
       8.9400000E+02       1.1372767E-01
       8.9500000E+02       1.1338864E-01
       8.9600000E+02       1.1305054E-01
       8.9700000E+02       1.1271330E-01
       8.9800000E+02       1.1237707E-01
       8.9900000E+02       1.1204170E-01
       9.0000000E+02       1.1170725E-01
       9.0100000E+02       1.1137381E-01
       9.0200000E+02       1.1104123E-01
       9.0300000E+02       1.1070957E-01
       9.0400000E+02       1.1037885E-01
       9.0500000E+02       1.1004899E-01
       9.0600000E+02       1.0972010E-01
       9.0700000E+02       1.0939206E-01
       9.0800000E+02       1.0906490E-01
       9.0900000E+02       1.0873870E-01
       9.1000000E+02       1.0841338E-01
       9.1100000E+02       1.0808904E-01
       9.1200000E+02       1.0776551E-01
       9.1300000E+02       1.0744286E-01
       9.1400000E+02       1.0712116E-01
       9.1500000E+02       1.0680028E-01
       9.1600000E+02       1.0648035E-01
       9.1700000E+02       1.0616127E-01
       9.1800000E+02       1.0584307E-01
       9.1900000E+02       1.0552587E-01
       9.2000000E+02       1.0520938E-01
       9.2100000E+02       1.0489390E-01
       9.2200000E+02       1.0457921E-01
       9.2300000E+02       1.0426539E-01
       9.2400000E+02       1.0395248E-01
       9.2500000E+02       1.0364044E-01
       9.2600000E+02       1.0332918E-01
       9.2700000E+02       1.0301891E-01
       9.2800000E+02       1.0270945E-01
       9.2900000E+02       1.0240083E-01
       9.3000000E+02       1.0209311E-01
       9.3100000E+02       1.0178620E-01
       9.3200000E+02       1.0148013E-01
       9.3300000E+02       1.0117499E-01
       9.3400000E+02       1.0087068E-01
       9.3500000E+02       1.0056715E-01
       9.3600000E+02       1.0026449E-01
       9.3700000E+02       9.9962667E-02
       9.3800000E+02       9.9661782E-02
       9.3900000E+02       9.9361584E-02
       9.4000000E+02       9.9062301E-02
       9.4100000E+02       9.8763905E-02
       9.4200000E+02       9.8466255E-02
       9.4300000E+02       9.8169446E-02
       9.4400000E+02       9.7873516E-02
       9.4500000E+02       9.7578354E-02
       9.4600000E+02       9.7284019E-02
       9.4700000E+02       9.6990600E-02
       9.4800000E+02       9.6697882E-02
       9.4900000E+02       9.6406028E-02
       9.5000000E+02       9.6115060E-02
       9.5100000E+02       9.5824793E-02
       9.5200000E+02       9.5535420E-02
       9.5300000E+02       9.5246747E-02
       9.5400000E+02       9.4958954E-02
       9.5500000E+02       9.4672032E-02
       9.5600000E+02       9.4385818E-02
       9.5700000E+02       9.4100483E-02
       9.5800000E+02       9.3815848E-02
       9.5900000E+02       9.3532115E-02
       9.6000000E+02       9.3249150E-02
       9.6100000E+02       9.2966914E-02
       9.6200000E+02       9.2685506E-02
       9.6300000E+02       9.2404872E-02
       9.6400000E+02       9.2125036E-02
       9.6500000E+02       9.1845989E-02
       9.6600000E+02       9.1567710E-02
       9.6700000E+02       9.1290221E-02
       9.6800000E+02       9.1013573E-02
       9.6900000E+02       9.0737671E-02
       9.7000000E+02       9.0462491E-02
       9.7100000E+02       9.0188161E-02
       9.7200000E+02       8.9914538E-02
       9.7300000E+02       8.9641750E-02
       9.7400000E+02       8.9369632E-02
       9.7500000E+02       8.9098372E-02
       9.7600000E+02       8.8827826E-02
       9.7700000E+02       8.8558048E-02
       9.7800000E+02       8.8288993E-02
       9.7900000E+02       8.8020757E-02
       9.8000000E+02       8.7753281E-02
       9.8100000E+02       8.7486535E-02
       9.8200000E+02       8.7220579E-02
       9.8300000E+02       8.6955249E-02
       9.8400000E+02       8.6690791E-02
       9.8500000E+02       8.6427025E-02
       9.8600000E+02       8.6164072E-02
       9.8700000E+02       8.5901737E-02
       9.8800000E+02       8.5640267E-02
       9.8900000E+02       8.5379496E-02
       9.9000000E+02       8.5119441E-02
       9.9100000E+02       8.4860153E-02
       9.9200000E+02       8.4601566E-02
       9.9300000E+02       8.4343754E-02
       9.9400000E+02       8.4086582E-02
       9.9500000E+02       8.3830252E-02
       9.9600000E+02       8.3574548E-02
       9.9700000E+02       8.3319619E-02
       9.9800000E+02       8.3065383E-02
       9.9900000E+02       8.2811870E-02
       1.0000000E+03       8.2559109E-02
       1.0010000E+03       8.2307033E-02
       1.0020000E+03       8.2055755E-02
       1.0030000E+03       8.1805080E-02
       1.0040000E+03       8.1555158E-02
       1.0050000E+03       8.1305943E-02
       1.0060000E+03       8.1057474E-02
       1.0070000E+03       8.0809660E-02
       1.0080000E+03       8.0562539E-02
       1.0090000E+03       8.0316201E-02
       1.0100000E+03       8.0070443E-02
       1.0110000E+03       7.9825513E-02
       1.0120000E+03       7.9581149E-02
       1.0130000E+03       7.9337604E-02
       1.0140000E+03       7.9094671E-02
       1.0150000E+03       7.8852467E-02
       1.0160000E+03       7.8610875E-02
       1.0170000E+03       7.8369997E-02
       1.0180000E+03       7.8129880E-02
       1.0190000E+03       7.7890456E-02
       1.0200000E+03       7.7651642E-02
       1.0210000E+03       7.7413499E-02
       1.0220000E+03       7.7176064E-02
       1.0230000E+03       7.6939330E-02
       1.0240000E+03       7.6639330E-02
