       2.0000000E+00       9.9943393E-01
       3.0000000E+00       9.9886280E-01
       4.0000000E+00       9.9809557E-01
       5.0000000E+00       9.9713576E-01
       6.0000000E+00       9.9598873E-01
       7.0000000E+00       9.9465752E-01
       8.0000000E+00       9.9315161E-01
       9.0000000E+00       9.9146986E-01
       1.0000000E+01       9.8961514E-01
       1.1000000E+01       9.8758519E-01
       1.2000000E+01       9.8538518E-01
       1.3000000E+01       9.8302156E-01
       1.4000000E+01       9.8049802E-01
       1.5000000E+01       9.7781736E-01
       1.6000000E+01       9.7498608E-01
       1.7000000E+01       9.7200572E-01
       1.8000000E+01       9.6887982E-01
       1.9000000E+01       9.6561223E-01
       2.0000000E+01       9.6220851E-01
       2.1000000E+01       9.5867425E-01
       2.2000000E+01       9.5501310E-01
       2.3000000E+01       9.5122802E-01
       2.4000000E+01       9.4732445E-01
       2.5000000E+01       9.4330549E-01
       2.6000000E+01       9.3917596E-01
       2.7000000E+01       9.3494099E-01
       2.8000000E+01       9.3060452E-01
       2.9000000E+01       9.2617238E-01
       3.0000000E+01       9.2164630E-01
       3.1000000E+01       9.1703016E-01
       3.2000000E+01       9.1232973E-01
       3.3000000E+01       9.0754861E-01
       3.4000000E+01       9.0269136E-01
       3.5000000E+01       8.9776129E-01
       3.6000000E+01       8.9276195E-01
       3.7000000E+01       8.8769805E-01
       3.8000000E+01       8.8257194E-01
       3.9000000E+01       8.7738913E-01
       4.0000000E+01       8.7215215E-01
       4.1000000E+01       8.6686456E-01
       4.2000000E+01       8.6153001E-01
       4.3000000E+01       8.5615140E-01
       4.4000000E+01       8.5073203E-01
       4.5000000E+01       8.4527582E-01
       4.6000000E+01       8.3978504E-01
       4.7000000E+01       8.3426338E-01
       4.8000000E+01       8.2871264E-01
       4.9000000E+01       8.2313800E-01
       5.0000000E+01       8.1753939E-01
       5.1000000E+01       8.1192058E-01
       5.2000000E+01       8.0628473E-01
       5.3000000E+01       8.0063474E-01
       5.4000000E+01       7.9497206E-01
       5.5000000E+01       7.8929800E-01
       5.6000000E+01       7.8361678E-01
       5.7000000E+01       7.7792972E-01
       5.8000000E+01       7.7223921E-01
       5.9000000E+01       7.6654744E-01
       6.0000000E+01       7.6085567E-01
       6.1000000E+01       7.5516599E-01
       6.2000000E+01       7.4948138E-01
       6.3000000E+01       7.4380130E-01
       6.4000000E+01       7.3812926E-01
       6.5000000E+01       7.3246747E-01
       6.6000000E+01       7.2681493E-01
       6.7000000E+01       7.2117627E-01
       6.8000000E+01       7.1554911E-01
       6.9000000E+01       7.0993787E-01
       7.0000000E+01       7.0434320E-01
       7.1000000E+01       6.9876552E-01
       7.2000000E+01       6.9320655E-01
       7.3000000E+01       6.8766767E-01
       7.4000000E+01       6.8214875E-01
       7.5000000E+01       6.7665291E-01
       7.6000000E+01       6.7117906E-01
       7.7000000E+01       6.6572994E-01
       7.8000000E+01       6.6030467E-01
       7.9000000E+01       6.5490478E-01
       8.0000000E+01       6.4953148E-01
       8.1000000E+01       6.4418501E-01
       8.2000000E+01       6.3886625E-01
       8.3000000E+01       6.3357586E-01
       8.4000000E+01       6.2831485E-01
       8.5000000E+01       6.2308252E-01
       8.6000000E+01       6.1788118E-01
       8.7000000E+01       6.1271000E-01
       8.8000000E+01       6.0756999E-01
       8.9000000E+01       6.0246116E-01
       9.0000000E+01       5.9738481E-01
       9.1000000E+01       5.9234017E-01
       9.2000000E+01       5.8732891E-01
       9.3000000E+01       5.8235031E-01
       9.4000000E+01       5.7740486E-01
       9.5000000E+01       5.7249320E-01
       9.6000000E+01       5.6761563E-01
       9.7000000E+01       5.6277120E-01
       9.8000000E+01       5.5796188E-01
       9.9000000E+01       5.5318719E-01
       1.0000000E+02       5.4844624E-01
       1.0100000E+02       5.4374021E-01
       1.0200000E+02       5.3906864E-01
       1.0300000E+02       5.3443283E-01
       1.0400000E+02       5.2983171E-01
       1.0500000E+02       5.2526540E-01
       1.0600000E+02       5.2073443E-01
       1.0700000E+02       5.1623869E-01
       1.0800000E+02       5.1177752E-01
       1.0900000E+02       5.0735152E-01
       1.1000000E+02       5.0296098E-01
       1.1100000E+02       4.9860573E-01
       1.1200000E+02       4.9428511E-01
       1.1300000E+02       4.8999974E-01
       1.1400000E+02       4.8574921E-01
       1.1500000E+02       4.8153344E-01
       1.1600000E+02       4.7735274E-01
       1.1700000E+02       4.7320667E-01
       1.1800000E+02       4.6909475E-01
       1.1900000E+02       4.6501756E-01
       1.2000000E+02       4.6097490E-01
       1.2100000E+02       4.5696577E-01
       1.2200000E+02       4.5299131E-01
       1.2300000E+02       4.4905066E-01
       1.2400000E+02       4.4514346E-01
       1.2500000E+02       4.4127020E-01
       1.2600000E+02       4.3743044E-01
       1.2700000E+02       4.3362400E-01
       1.2800000E+02       4.2985022E-01
       1.2900000E+02       4.2610949E-01
       1.3000000E+02       4.2240211E-01
       1.3100000E+02       4.1872633E-01
       1.3200000E+02       4.1508391E-01
       1.3300000E+02       4.1147307E-01
       1.3400000E+02       4.0789422E-01
       1.3500000E+02       4.0434700E-01
       1.3600000E+02       4.0083143E-01
       1.3700000E+02       3.9734766E-01
       1.3800000E+02       3.9389458E-01
       1.3900000E+02       3.9047214E-01
       1.4000000E+02       3.8708079E-01
       1.4100000E+02       3.8371944E-01
       1.4200000E+02       3.8038895E-01
       1.4300000E+02       3.7708855E-01
       1.4400000E+02       3.7381741E-01
       1.4500000E+02       3.7057602E-01
       1.4600000E+02       3.6736438E-01
       1.4700000E+02       3.6418176E-01
       1.4800000E+02       3.6102730E-01
       1.4900000E+02       3.5790247E-01
       1.5000000E+02       3.5480562E-01
       1.5100000E+02       3.5173714E-01
       1.5200000E+02       3.4869617E-01
       1.5300000E+02       3.4568366E-01
       1.5400000E+02       3.4269837E-01
       1.5500000E+02       3.3974022E-01
       1.5600000E+02       3.3680928E-01
       1.5700000E+02       3.3390531E-01
       1.5800000E+02       3.3102769E-01
       1.5900000E+02       3.2817698E-01
       1.6000000E+02       3.2535195E-01
       1.6100000E+02       3.2255307E-01
       1.6200000E+02       3.1977969E-01
       1.6300000E+02       3.1703177E-01
       1.6400000E+02       3.1430924E-01
       1.6500000E+02       3.1161186E-01
       1.6600000E+02       3.0893904E-01
       1.6700000E+02       3.0629086E-01
       1.6800000E+02       3.0366707E-01
       1.6900000E+02       3.0106741E-01
       1.7000000E+02       2.9849169E-01
       1.7100000E+02       2.9593959E-01
       1.7200000E+02       2.9341114E-01
       1.7300000E+02       2.9090571E-01
       1.7400000E+02       2.8842348E-01
       1.7500000E+02       2.8596416E-01
       1.7600000E+02       2.8352720E-01
       1.7700000E+02       2.8111306E-01
       1.7800000E+02       2.7872080E-01
       1.7900000E+02       2.7635095E-01
       1.8000000E+02       2.7400234E-01
       1.8100000E+02       2.7167559E-01
       1.8200000E+02       2.6937014E-01
       1.8300000E+02       2.6708591E-01
       1.8400000E+02       2.6482290E-01
       1.8500000E+02       2.6258031E-01
       1.8600000E+02       2.6035818E-01
       1.8700000E+02       2.5815699E-01
       1.8800000E+02       2.5597566E-01
       1.8900000E+02       2.5381428E-01
       1.9000000E+02       2.5167298E-01
       1.9100000E+02       2.4955109E-01
       1.9200000E+02       2.4744846E-01
       1.9300000E+02       2.4536531E-01
       1.9400000E+02       2.4330102E-01
       1.9500000E+02       2.4125589E-01
       1.9600000E+02       2.3922926E-01
       1.9700000E+02       2.3722106E-01
       1.9800000E+02       2.3523134E-01
       1.9900000E+02       2.3325980E-01
       2.0000000E+02       2.3130628E-01
       2.0100000E+02       2.2937034E-01
       2.0200000E+02       2.2745223E-01
       2.0300000E+02       2.2555153E-01
       2.0400000E+02       2.2366793E-01
       2.0500000E+02       2.2180162E-01
       2.0600000E+02       2.1995224E-01
       2.0700000E+02       2.1811965E-01
       2.0800000E+02       2.1630387E-01
       2.0900000E+02       2.1450424E-01
       2.1000000E+02       2.1272114E-01
       2.1100000E+02       2.1095388E-01
       2.1200000E+02       2.0920303E-01
       2.1300000E+02       2.0746750E-01
       2.1400000E+02       2.0574811E-01
       2.1500000E+02       2.0404409E-01
       2.1600000E+02       2.0235537E-01
       2.1700000E+02       2.0068209E-01
       2.1800000E+02       1.9902360E-01
       2.1900000E+02       1.9738004E-01
       2.2000000E+02       1.9575147E-01
       2.2100000E+02       1.9413729E-01
       2.2200000E+02       1.9253786E-01
       2.2300000E+02       1.9095278E-01
       2.2400000E+02       1.8938169E-01
       2.2500000E+02       1.8782505E-01
       2.2600000E+02       1.8628189E-01
       2.2700000E+02       1.8475266E-01
       2.2800000E+02       1.8323722E-01
       2.2900000E+02       1.8173523E-01
       2.3000000E+02       1.8024667E-01
       2.3100000E+02       1.7877148E-01
       2.3200000E+02       1.7730939E-01
       2.3300000E+02       1.7586017E-01
       2.3400000E+02       1.7442395E-01
       2.3500000E+02       1.7300043E-01
       2.3600000E+02       1.7158979E-01
       2.3700000E+02       1.7019145E-01
       2.3800000E+02       1.6880545E-01
       2.3900000E+02       1.6743185E-01
       2.4000000E+02       1.6607027E-01
       2.4100000E+02       1.6472106E-01
       2.4200000E+02       1.6338351E-01
       2.4300000E+02       1.6205779E-01
       2.4400000E+02       1.6074380E-01
       2.4500000E+02       1.5944134E-01
       2.4600000E+02       1.5815055E-01
       2.4700000E+02       1.5687083E-01
       2.4800000E+02       1.5560254E-01
       2.4900000E+02       1.5434535E-01
       2.5000000E+02       1.5309919E-01
       2.5100000E+02       1.5186404E-01
       2.5200000E+02       1.5063962E-01
       2.5300000E+02       1.4942598E-01
       2.5400000E+02       1.4822282E-01
       2.5500000E+02       1.4703026E-01
       2.5600000E+02       1.4584823E-01
       2.5700000E+02       1.4467657E-01
       2.5800000E+02       1.4351480E-01
       2.5900000E+02       1.4236340E-01
       2.6000000E+02       1.4122204E-01
       2.6100000E+02       1.4009054E-01
       2.6200000E+02       1.3896886E-01
       2.6300000E+02       1.3785706E-01
       2.6400000E+02       1.3675457E-01
       2.6500000E+02       1.3566203E-01
       2.6600000E+02       1.3457878E-01
       2.6700000E+02       1.3350493E-01
       2.6800000E+02       1.3244033E-01
       2.6900000E+02       1.3138498E-01
       2.7000000E+02       1.3033873E-01
       2.7100000E+02       1.2930153E-01
       2.7200000E+02       1.2827323E-01
       2.7300000E+02       1.2725392E-01
       2.7400000E+02       1.2624326E-01
       2.7500000E+02       1.2524140E-01
       2.7600000E+02       1.2424799E-01
       2.7700000E+02       1.2326317E-01
       2.7800000E+02       1.2228692E-01
       2.7900000E+02       1.2131894E-01
       2.8000000E+02       1.2035923E-01
       2.8100000E+02       1.1940781E-01
       2.8200000E+02       1.1846452E-01
       2.8300000E+02       1.1752928E-01
       2.8400000E+02       1.1660200E-01
       2.8500000E+02       1.1568276E-01
       2.8600000E+02       1.1477119E-01
       2.8700000E+02       1.1386745E-01
       2.8800000E+02       1.1297143E-01
       2.8900000E+02       1.1208302E-01
       2.9000000E+02       1.1120215E-01
       2.9100000E+02       1.1032890E-01
       2.9200000E+02       1.0946299E-01
       2.9300000E+02       1.0860440E-01
       2.9400000E+02       1.0775301E-01
       2.9500000E+02       1.0690892E-01
       2.9600000E+02       1.0607199E-01
       2.9700000E+02       1.0524221E-01
       2.9800000E+02       1.0441925E-01
       2.9900000E+02       1.0360335E-01
       3.0000000E+02       1.0279428E-01
       3.0100000E+02       1.0199225E-01
       3.0200000E+02       1.0119674E-01
       3.0300000E+02       1.0040807E-01
       3.0400000E+02       9.9625997E-02
       3.0500000E+02       9.8850466E-02
       3.0600000E+02       9.8081484E-02
       3.0700000E+02       9.7318992E-02
       3.0800000E+02       9.6562862E-02
       3.0900000E+02       9.5813058E-02
       3.1000000E+02       9.5069669E-02
       3.1100000E+02       9.4332263E-02
       3.1200000E+02       9.3601219E-02
       3.1300000E+02       9.2876285E-02
       3.1400000E+02       9.2157349E-02
       3.1500000E+02       9.1444388E-02
       3.1600000E+02       9.0737417E-02
       3.1700000E+02       9.0036362E-02
       3.1800000E+02       8.9341179E-02
       3.1900000E+02       8.8651791E-02
       3.2000000E+02       8.7968066E-02
       3.2100000E+02       8.7290086E-02
       3.2200000E+02       8.6617745E-02
       3.2300000E+02       8.5950904E-02
       3.2400000E+02       8.5289739E-02
       3.2500000E+02       8.4633991E-02
       3.2600000E+02       8.3983667E-02
       3.2700000E+02       8.3338730E-02
       3.2800000E+02       8.2699127E-02
       3.2900000E+02       8.2064852E-02
       3.3000000E+02       8.1435829E-02
       3.3100000E+02       8.0812000E-02
       3.3200000E+02       8.0193289E-02
       3.3300000E+02       7.9579763E-02
       3.3400000E+02       7.8971162E-02
       3.3500000E+02       7.8367695E-02
       3.3600000E+02       7.7769198E-02
       3.3700000E+02       7.7175565E-02
       3.3800000E+02       7.6586865E-02
       3.3900000E+02       7.6003030E-02
       3.4000000E+02       7.5423881E-02
       3.4100000E+02       7.4849561E-02
       3.4200000E+02       7.4279934E-02
       3.4300000E+02       7.3715031E-02
       3.4400000E+02       7.3154695E-02
       3.4500000E+02       7.2599016E-02
       3.4600000E+02       7.2047815E-02
       3.4700000E+02       7.1501166E-02
       3.4800000E+02       7.0958965E-02
       3.4900000E+02       7.0421226E-02
       3.5000000E+02       6.9887809E-02
       3.5100000E+02       6.9358833E-02
       3.5200000E+02       6.8834119E-02
       3.5300000E+02       6.8313703E-02
       3.5400000E+02       6.7797467E-02
       3.5500000E+02       6.7285508E-02
       3.5600000E+02       6.6777721E-02
       3.5700000E+02       6.6274047E-02
       3.5800000E+02       6.5774411E-02
       3.5900000E+02       6.5278903E-02
       3.6000000E+02       6.4787395E-02
       3.6100000E+02       6.4299859E-02
       3.6200000E+02       6.3816302E-02
       3.6300000E+02       6.3336588E-02
       3.6400000E+02       6.2860832E-02
       3.6500000E+02       6.2388923E-02
       3.6600000E+02       6.1920822E-02
       3.6700000E+02       6.1456520E-02
       3.6800000E+02       6.0995918E-02
       3.6900000E+02       6.0539078E-02
       3.7000000E+02       6.0085919E-02
       3.7100000E+02       5.9636381E-02
       3.7200000E+02       5.9190486E-02
       3.7300000E+02       5.8748234E-02
       3.7400000E+02       5.8309492E-02
       3.7500000E+02       5.7874259E-02
       3.7600000E+02       5.7442505E-02
       3.7700000E+02       5.7014305E-02
       3.7800000E+02       5.6589499E-02
       3.7900000E+02       5.6168132E-02
       3.8000000E+02       5.5750065E-02
       3.8100000E+02       5.5335410E-02
       3.8200000E+02       5.4924097E-02
       3.8300000E+02       5.4516032E-02
       3.8400000E+02       5.4111231E-02
       3.8500000E+02       5.3709671E-02
       3.8600000E+02       5.3311363E-02
       3.8700000E+02       5.2916195E-02
       3.8800000E+02       5.2524220E-02
       3.8900000E+02       5.2135337E-02
       3.9000000E+02       5.1749542E-02
       3.9100000E+02       5.1366858E-02
       3.9200000E+02       5.0987206E-02
       3.9300000E+02       5.0610635E-02
       3.9400000E+02       5.0236970E-02
       3.9500000E+02       4.9866315E-02
       3.9600000E+02       4.9498618E-02
       3.9700000E+02       4.9133804E-02
       3.9800000E+02       4.8771914E-02
       3.9900000E+02       4.8412852E-02
       4.0000000E+02       4.8056655E-02
       4.0100000E+02       4.7703344E-02
       4.0200000E+02       4.7352783E-02
       4.0300000E+02       4.7005028E-02
       4.0400000E+02       4.6659973E-02
       4.0500000E+02       4.6317667E-02
       4.0600000E+02       4.5978062E-02
       4.0700000E+02       4.5641154E-02
       4.0800000E+02       4.5306869E-02
       4.0900000E+02       4.4975258E-02
       4.1000000E+02       4.4646230E-02
       4.1100000E+02       4.4319842E-02
       4.1200000E+02       4.3996017E-02
       4.1300000E+02       4.3674681E-02
       4.1400000E+02       4.3355912E-02
       4.1500000E+02       4.3039665E-02
       4.1600000E+02       4.2725895E-02
       4.1700000E+02       4.2414621E-02
       4.1800000E+02       4.2105719E-02
       4.1900000E+02       4.1799307E-02
       4.2000000E+02       4.1495278E-02
       4.2100000E+02       4.1193601E-02
       4.2200000E+02       4.0894300E-02
       4.2300000E+02       4.0597357E-02
       4.2400000E+02       4.0302739E-02
       4.2500000E+02       4.0010408E-02
       4.2600000E+02       3.9720349E-02
       4.2700000E+02       3.9432570E-02
       4.2800000E+02       3.9147053E-02
       4.2900000E+02       3.8863759E-02
       4.3000000E+02       3.8582660E-02
       4.3100000E+02       3.8303725E-02
       4.3200000E+02       3.8027056E-02
       4.3300000E+02       3.7752476E-02
       4.3400000E+02       3.7480030E-02
       4.3500000E+02       3.7209693E-02
       4.3600000E+02       3.6941495E-02
       4.3700000E+02       3.6675353E-02
       4.3800000E+02       3.6411304E-02
       4.3900000E+02       3.6149256E-02
       4.4000000E+02       3.5889279E-02
       4.4100000E+02       3.5631333E-02
       4.4200000E+02       3.5375345E-02
       4.4300000E+02       3.5121378E-02
       4.4400000E+02       3.4869310E-02
       4.4500000E+02       3.4619242E-02
       4.4600000E+02       3.4371123E-02
       4.4700000E+02       3.4124922E-02
       4.4800000E+02       3.3880591E-02
       4.4900000E+02       3.3638157E-02
       4.5000000E+02       3.3397611E-02
       4.5100000E+02       3.3158906E-02
       4.5200000E+02       3.2922044E-02
       4.5300000E+02       3.2686993E-02
       4.5400000E+02       3.2453749E-02
       4.5500000E+02       3.2222331E-02
       4.5600000E+02       3.1992652E-02
       4.5700000E+02       3.1764790E-02
       4.5800000E+02       3.1538643E-02
       4.5900000E+02       3.1314243E-02
       4.6000000E+02       3.1091580E-02
       4.6100000E+02       3.0870572E-02
       4.6200000E+02       3.0651290E-02
       4.6300000E+02       3.0433711E-02
       4.6400000E+02       3.0217782E-02
       4.6500000E+02       3.0003514E-02
       4.6600000E+02       2.9790852E-02
       4.6700000E+02       2.9579861E-02
       4.6800000E+02       2.9370470E-02
       4.6900000E+02       2.9162649E-02
       4.7000000E+02       2.8956437E-02
       4.7100000E+02       2.8751807E-02
       4.7200000E+02       2.8548703E-02
       4.7300000E+02       2.8347185E-02
       4.7400000E+02       2.8147157E-02
       4.7500000E+02       2.7948705E-02
       4.7600000E+02       2.7751753E-02
       4.7700000E+02       2.7556280E-02
       4.7800000E+02       2.7362300E-02
       4.7900000E+02       2.7169822E-02
       4.8000000E+02       2.6978754E-02
       4.8100000E+02       2.6789159E-02
       4.8200000E+02       2.6601009E-02
       4.8300000E+02       2.6414283E-02
       4.8400000E+02       2.6228959E-02
       4.8500000E+02       2.6045071E-02
       4.8600000E+02       2.5862534E-02
       4.8700000E+02       2.5681406E-02
       4.8800000E+02       2.5501655E-02
       4.8900000E+02       2.5323242E-02
       4.9000000E+02       2.5146190E-02
       4.9100000E+02       2.4970444E-02
       4.9200000E+02       2.4796050E-02
       4.9300000E+02       2.4622969E-02
       4.9400000E+02       2.4451204E-02
       4.9500000E+02       2.4280721E-02
       4.9600000E+02       2.4111502E-02
       4.9700000E+02       2.3943575E-02
       4.9800000E+02       2.3776924E-02
       4.9900000E+02       2.3611501E-02
       5.0000000E+02       2.3447353E-02
       5.0100000E+02       2.3284424E-02
       5.0200000E+02       2.3122698E-02
       5.0300000E+02       2.2962188E-02
       5.0400000E+02       2.2802902E-02
       5.0500000E+02       2.2644792E-02
       5.0600000E+02       2.2487866E-02
       5.0700000E+02       2.2332124E-02
       5.0800000E+02       2.2177553E-02
       5.0900000E+02       2.2024142E-02
       5.1000000E+02       2.1871857E-02
       5.1100000E+02       2.1720726E-02
       5.1200000E+02       2.1570692E-02
       5.1300000E+02       2.1421814E-02
       5.1400000E+02       2.1274026E-02
       5.1500000E+02       2.1127358E-02
       5.1600000E+02       2.0981781E-02
       5.1700000E+02       2.0837268E-02
       5.1800000E+02       2.0693839E-02
       5.1900000E+02       2.0551480E-02
       5.2000000E+02       2.0410184E-02
       5.2100000E+02       2.0269934E-02
       5.2200000E+02       2.0130722E-02
       5.2300000E+02       1.9992555E-02
       5.2400000E+02       1.9855410E-02
       5.2500000E+02       1.9719271E-02
       5.2600000E+02       1.9584157E-02
       5.2700000E+02       1.9450029E-02
       5.2800000E+02       1.9316891E-02
       5.2900000E+02       1.9184750E-02
       5.3000000E+02       1.9053578E-02
       5.3100000E+02       1.8923372E-02
       5.3200000E+02       1.8794145E-02
       5.3300000E+02       1.8665859E-02
       5.3400000E+02       1.8538510E-02
       5.3500000E+02       1.8412113E-02
       5.3600000E+02       1.8286647E-02
       5.3700000E+02       1.8162115E-02
       5.3800000E+02       1.8038465E-02
       5.3900000E+02       1.7915765E-02
       5.4000000E+02       1.7793961E-02
       5.4100000E+02       1.7673030E-02
       5.4200000E+02       1.7553011E-02
       5.4300000E+02       1.7433867E-02
       5.4400000E+02       1.7315593E-02
       5.4500000E+02       1.7198183E-02
       5.4600000E+02       1.7081643E-02
       5.4700000E+02       1.6965954E-02
       5.4800000E+02       1.6851118E-02
       5.4900000E+02       1.6737115E-02
       5.5000000E+02       1.6623955E-02
       5.5100000E+02       1.6511614E-02
       5.5200000E+02       1.6400108E-02
       5.5300000E+02       1.6289396E-02
       5.5400000E+02       1.6179511E-02
       5.5500000E+02       1.6070426E-02
       5.5600000E+02       1.5962131E-02
       5.5700000E+02       1.5854631E-02
       5.5800000E+02       1.5747903E-02
       5.5900000E+02       1.5641969E-02
       5.6000000E+02       1.5536781E-02
       5.6100000E+02       1.5432389E-02
       5.6200000E+02       1.5328733E-02
       5.6300000E+02       1.5225840E-02
       5.6400000E+02       1.5123697E-02
       5.6500000E+02       1.5022283E-02
       5.6600000E+02       1.4921610E-02
       5.6700000E+02       1.4821683E-02
       5.6800000E+02       1.4722455E-02
       5.6900000E+02       1.4623959E-02
       5.7000000E+02       1.4526175E-02
       5.7100000E+02       1.4429098E-02
       5.7200000E+02       1.4332725E-02
       5.7300000E+02       1.4237043E-02
       5.7400000E+02       1.4142056E-02
       5.7500000E+02       1.4047746E-02
       5.7600000E+02       1.3954133E-02
       5.7700000E+02       1.3861190E-02
       5.7800000E+02       1.3768923E-02
       5.7900000E+02       1.3677306E-02
       5.8000000E+02       1.3586353E-02
       5.8100000E+02       1.3496058E-02
       5.8200000E+02       1.3406403E-02
       5.8300000E+02       1.3317412E-02
       5.8400000E+02       1.3229039E-02
       5.8500000E+02       1.3141313E-02
       5.8600000E+02       1.3054211E-02
       5.8700000E+02       1.2967742E-02
       5.8800000E+02       1.2881895E-02
       5.8900000E+02       1.2796646E-02
       5.9000000E+02       1.2712008E-02
       5.9100000E+02       1.2627995E-02
       5.9200000E+02       1.2544570E-02
       5.9300000E+02       1.2461749E-02
       5.9400000E+02       1.2379515E-02
       5.9500000E+02       1.2297855E-02
       5.9600000E+02       1.2216798E-02
       5.9700000E+02       1.2136306E-02
       5.9800000E+02       1.2056395E-02
       5.9900000E+02       1.1977051E-02
       6.0000000E+02       1.1898264E-02
       6.0100000E+02       1.1820053E-02
       6.0200000E+02       1.1742387E-02
       6.0300000E+02       1.1665272E-02
       6.0400000E+02       1.1588714E-02
       6.0500000E+02       1.1512684E-02
       6.0600000E+02       1.1437205E-02
       6.0700000E+02       1.1362261E-02
       6.0800000E+02       1.1287839E-02
       6.0900000E+02       1.1213948E-02
       6.1000000E+02       1.1140580E-02
       6.1100000E+02       1.1067741E-02
       6.1200000E+02       1.0995406E-02
       6.1300000E+02       1.0923585E-02
       6.1400000E+02       1.0852268E-02
       6.1500000E+02       1.0781457E-02
       6.1600000E+02       1.0711147E-02
       6.1700000E+02       1.0641336E-02
       6.1800000E+02       1.0572011E-02
       6.1900000E+02       1.0503171E-02
       6.2000000E+02       1.0434822E-02
       6.2100000E+02       1.0366961E-02
       6.2200000E+02       1.0299563E-02
       6.2300000E+02       1.0232641E-02
       6.2400000E+02       1.0166197E-02
       6.2500000E+02       1.0100219E-02
       6.2600000E+02       1.0034703E-02
       6.2700000E+02       9.9696536E-03
       6.2800000E+02       9.9050412E-03
       6.2900000E+02       9.8408945E-03
       6.3000000E+02       9.7771911E-03
       6.3100000E+02       9.7139413E-03
       6.3200000E+02       9.6511291E-03
       6.3300000E+02       9.5887640E-03
       6.3400000E+02       9.5268274E-03
       6.3500000E+02       9.4653182E-03
       6.3600000E+02       9.4042486E-03
       6.3700000E+02       9.3436046E-03
       6.3800000E+02       9.2833843E-03
       6.3900000E+02       9.2235776E-03
       6.4000000E+02       9.1641927E-03
       6.4100000E+02       9.1052186E-03
       6.4200000E+02       9.0466533E-03
       6.4300000E+02       8.9884996E-03
       6.4400000E+02       8.9307548E-03
       6.4500000E+02       8.8734031E-03
       6.4600000E+02       8.8164601E-03
       6.4700000E+02       8.7599009E-03
       6.4800000E+02       8.7037347E-03
       6.4900000E+02       8.6479634E-03
       6.5000000E+02       8.5925860E-03
       6.5100000E+02       8.5375812E-03
       6.5200000E+02       8.4829591E-03
       6.5300000E+02       8.4287180E-03
       6.5400000E+02       8.3748475E-03
       6.5500000E+02       8.3213476E-03
       6.5600000E+02       8.2682213E-03
       6.5700000E+02       8.2154749E-03
       6.5800000E+02       8.1630852E-03
       6.5900000E+02       8.1110457E-03
       6.6000000E+02       8.0593778E-03
       6.6100000E+02       8.0080582E-03
       6.6200000E+02       7.9570981E-03
       6.6300000E+02       7.9064928E-03
       6.6400000E+02       7.8562312E-03
       6.6500000E+02       7.8063160E-03
       6.6600000E+02       7.7567496E-03
       6.6700000E+02       7.7075115E-03
       6.6800000E+02       7.6586176E-03
       6.6900000E+02       7.6100654E-03
       6.7000000E+02       7.5618466E-03
       6.7100000E+02       7.5139548E-03
       6.7200000E+02       7.4663959E-03
       6.7300000E+02       7.4191601E-03
       6.7400000E+02       7.3722480E-03
       6.7500000E+02       7.3256590E-03
       6.7600000E+02       7.2793951E-03
       6.7700000E+02       7.2334409E-03
       6.7800000E+02       7.1878075E-03
       6.7900000E+02       7.1424749E-03
       6.8000000E+02       7.0974631E-03
       6.8100000E+02       7.0527545E-03
       6.8200000E+02       7.0083495E-03
       6.8300000E+02       6.9642528E-03
       6.8400000E+02       6.9204476E-03
       6.8500000E+02       6.8769497E-03
       6.8600000E+02       6.8337494E-03
       6.8700000E+02       6.7908359E-03
       6.8800000E+02       6.7482144E-03
       6.8900000E+02       6.7058820E-03
       6.9000000E+02       6.6638496E-03
       6.9100000E+02       6.6220909E-03
       6.9200000E+02       6.5806150E-03
       6.9300000E+02       6.5394295E-03
       6.9400000E+02       6.4985212E-03
       6.9500000E+02       6.4578871E-03
       6.9600000E+02       6.4175245E-03
       6.9700000E+02       6.3774404E-03
       6.9800000E+02       6.3376259E-03
       6.9900000E+02       6.2980806E-03
       7.0000000E+02       6.2588044E-03
       7.0100000E+02       6.2197903E-03
       7.0200000E+02       6.1810426E-03
       7.0300000E+02       6.1425571E-03
       7.0400000E+02       6.1043305E-03
       7.0500000E+02       6.0663591E-03
       7.0600000E+02       6.0286415E-03
       7.0700000E+02       5.9911832E-03
       7.0800000E+02       5.9539727E-03
       7.0900000E+02       5.9170192E-03
       7.1000000E+02       5.8803088E-03
       7.1100000E+02       5.8438457E-03
       7.1200000E+02       5.8076349E-03
       7.1300000E+02       5.7716519E-03
       7.1400000E+02       5.7359240E-03
       7.1500000E+02       5.7004350E-03
       7.1600000E+02       5.6651765E-03
       7.1700000E+02       5.6301560E-03
       7.1800000E+02       5.5953767E-03
       7.1900000E+02       5.5608237E-03
       7.2000000E+02       5.5265045E-03
       7.2100000E+02       5.4924139E-03
       7.2200000E+02       5.4585529E-03
       7.2300000E+02       5.4249200E-03
       7.2400000E+02       5.3915032E-03
       7.2500000E+02       5.3583179E-03
       7.2600000E+02       5.3253486E-03
       7.2700000E+02       5.2926019E-03
       7.2800000E+02       5.2600750E-03
       7.2900000E+02       5.2277609E-03
       7.3000000E+02       5.1956642E-03
       7.3100000E+02       5.1637781E-03
       7.3200000E+02       5.1321029E-03
       7.3300000E+02       5.1006461E-03
       7.3400000E+02       5.0693867E-03
       7.3500000E+02       5.0383420E-03
       7.3600000E+02       5.0074980E-03
       7.3700000E+02       4.9768635E-03
       7.3800000E+02       4.9464284E-03
       7.3900000E+02       4.9161958E-03
       7.4000000E+02       4.8861629E-03
       7.4100000E+02       4.8563289E-03
       7.4200000E+02       4.8266919E-03
       7.4300000E+02       4.7972500E-03
       7.4400000E+02       4.7679991E-03
       7.4500000E+02       4.7389502E-03
       7.4600000E+02       4.7100843E-03
       7.4700000E+02       4.6814117E-03
       7.4800000E+02       4.6529262E-03
       7.4900000E+02       4.6246289E-03
       7.5000000E+02       4.5965170E-03
       7.5100000E+02       4.5685940E-03
       7.5200000E+02       4.5408499E-03
       7.5300000E+02       4.5132907E-03
       7.5400000E+02       4.4859089E-03
       7.5500000E+02       4.4587059E-03
       7.5600000E+02       4.4316868E-03
       7.5700000E+02       4.4048447E-03
       7.5800000E+02       4.3781740E-03
       7.5900000E+02       4.3516797E-03
       7.6000000E+02       4.3253638E-03
       7.6100000E+02       4.2992122E-03
       7.6200000E+02       4.2732372E-03
       7.6300000E+02       4.2474298E-03
       7.6400000E+02       4.2217933E-03
       7.6500000E+02       4.1963216E-03
       7.6600000E+02       4.1710180E-03
       7.6700000E+02       4.1458816E-03
       7.6800000E+02       4.1209063E-03
       7.6900000E+02       4.0960941E-03
       7.7000000E+02       4.0714429E-03
       7.7100000E+02       4.0469510E-03
       7.7200000E+02       4.0226206E-03
       7.7300000E+02       3.9984523E-03
       7.7400000E+02       3.9744354E-03
       7.7500000E+02       3.9505777E-03
       7.7600000E+02       3.9268732E-03
       7.7700000E+02       3.9033224E-03
       7.7800000E+02       3.8799264E-03
       7.7900000E+02       3.8566799E-03
       7.8000000E+02       3.8335861E-03
       7.8100000E+02       3.8106386E-03
       7.8200000E+02       3.7878412E-03
       7.8300000E+02       3.7651905E-03
       7.8400000E+02       3.7426879E-03
       7.8500000E+02       3.7203270E-03
       7.8600000E+02       3.6981148E-03
       7.8700000E+02       3.6760408E-03
       7.8800000E+02       3.6541119E-03
       7.8900000E+02       3.6323234E-03
       7.9000000E+02       3.6106752E-03
       7.9100000E+02       3.5891661E-03
       7.9200000E+02       3.5677950E-03
       7.9300000E+02       3.5465618E-03
       7.9400000E+02       3.5254632E-03
       7.9500000E+02       3.5045024E-03
       7.9600000E+02       3.4836759E-03
       7.9700000E+02       3.4629793E-03
       7.9800000E+02       3.4424176E-03
       7.9900000E+02       3.4219853E-03
       8.0000000E+02       3.4016857E-03
       8.0100000E+02       3.3815161E-03
       8.0200000E+02       3.3614740E-03
       8.0300000E+02       3.3415616E-03
       8.0400000E+02       3.3217750E-03
       8.0500000E+02       3.3021134E-03
       8.0600000E+02       3.2825789E-03
       8.0700000E+02       3.2631685E-03
       8.0800000E+02       3.2438824E-03
       8.0900000E+02       3.2247189E-03
       8.1000000E+02       3.2056775E-03
       8.1100000E+02       3.1867549E-03
       8.1200000E+02       3.1679573E-03
       8.1300000E+02       3.1492764E-03
       8.1400000E+02       3.1307156E-03
       8.1500000E+02       3.1122705E-03
       8.1600000E+02       3.0939453E-03
       8.1700000E+02       3.0757354E-03
       8.1800000E+02       3.0576403E-03
       8.1900000E+02       3.0396592E-03
       8.2000000E+02       3.0217944E-03
       8.2100000E+02       3.0040424E-03
       8.2200000E+02       2.9864036E-03
       8.2300000E+02       2.9688720E-03
       8.2400000E+02       2.9514574E-03
       8.2500000E+02       2.9341518E-03
       8.2600000E+02       2.9169538E-03
       8.2700000E+02       2.8998640E-03
       8.2800000E+02       2.8828839E-03
       8.2900000E+02       2.8660120E-03
       8.3000000E+02       2.8492431E-03
       8.3100000E+02       2.8325811E-03
       8.3200000E+02       2.8160245E-03
       8.3300000E+02       2.7995741E-03
       8.3400000E+02       2.7832247E-03
       8.3500000E+02       2.7669810E-03
       8.3600000E+02       2.7508382E-03
       8.3700000E+02       2.7347931E-03
       8.3800000E+02       2.7188547E-03
       8.3900000E+02       2.7030150E-03
       8.4000000E+02       2.6872717E-03
       8.4100000E+02       2.6716301E-03
       8.4200000E+02       2.6560826E-03
       8.4300000E+02       2.6406380E-03
       8.4400000E+02       2.6252861E-03
       8.4500000E+02       2.6100310E-03
       8.4600000E+02       2.5948738E-03
       8.4700000E+02       2.5798085E-03
       8.4800000E+02       2.5648372E-03
       8.4900000E+02       2.5499619E-03
       8.5000000E+02       2.5351788E-03
       8.5100000E+02       2.5204869E-03
       8.5200000E+02       2.5058868E-03
       8.5300000E+02       2.4913780E-03
       8.5400000E+02       2.4769595E-03
       8.5500000E+02       2.4626320E-03
       8.5600000E+02       2.4483930E-03
       8.5700000E+02       2.4342395E-03
       8.5800000E+02       2.4201798E-03
       8.5900000E+02       2.4062055E-03
       8.6000000E+02       2.3923193E-03
       8.6100000E+02       2.3785164E-03
       8.6200000E+02       2.3648015E-03
       8.6300000E+02       2.3511723E-03
       8.6400000E+02       2.3376276E-03
       8.6500000E+02       2.3241660E-03
       8.6600000E+02       2.3107897E-03
       8.6700000E+02       2.2974950E-03
       8.6800000E+02       2.2842842E-03
       8.6900000E+02       2.2711558E-03
       8.7000000E+02       2.2581073E-03
       8.7100000E+02       2.2451424E-03
       8.7200000E+02       2.2322552E-03
       8.7300000E+02       2.2194493E-03
       8.7400000E+02       2.2067246E-03
       8.7500000E+02       2.1940770E-03
       8.7600000E+02       2.1815069E-03
       8.7700000E+02       2.1690177E-03
       8.7800000E+02       2.1566055E-03
       8.7900000E+02       2.1442669E-03
       8.8000000E+02       2.1320072E-03
       8.8100000E+02       2.1198231E-03
       8.8200000E+02       2.1077155E-03
       8.8300000E+02       2.0956800E-03
       8.8400000E+02       2.0837227E-03
       8.8500000E+02       2.0718351E-03
       8.8600000E+02       2.0600241E-03
       8.8700000E+02       2.0482864E-03
       8.8800000E+02       2.0366183E-03
       8.8900000E+02       2.0250226E-03
       8.9000000E+02       2.0134992E-03
       8.9100000E+02       2.0020478E-03
       8.9200000E+02       1.9906652E-03
       8.9300000E+02       1.9793529E-03
       8.9400000E+02       1.9681090E-03
       8.9500000E+02       1.9569362E-03
       8.9600000E+02       1.9458302E-03
       8.9700000E+02       1.9347951E-03
       8.9800000E+02       1.9238254E-03
       8.9900000E+02       1.9129218E-03
       9.0000000E+02       1.9020861E-03
       9.0100000E+02       1.8913172E-03
       9.0200000E+02       1.8806126E-03
       9.0300000E+02       1.8699736E-03
       9.0400000E+02       1.8594007E-03
       9.0500000E+02       1.8488922E-03
       9.0600000E+02       1.8384458E-03
       9.0700000E+02       1.8280643E-03
       9.0800000E+02       1.8177462E-03
       9.0900000E+02       1.8074899E-03
       9.1000000E+02       1.7972968E-03
       9.1100000E+02       1.7871653E-03
       9.1200000E+02       1.7770965E-03
       9.1300000E+02       1.7670877E-03
       9.1400000E+02       1.7571389E-03
       9.1500000E+02       1.7472500E-03
       9.1600000E+02       1.7374243E-03
       9.1700000E+02       1.7276546E-03
       9.1800000E+02       1.7179432E-03
       9.1900000E+02       1.7082951E-03
       9.2000000E+02       1.6987032E-03
       9.2100000E+02       1.6891698E-03
       9.2200000E+02       1.6796936E-03
       9.2300000E+02       1.6702735E-03
       9.2400000E+02       1.6609114E-03
       9.2500000E+02       1.6516066E-03
       9.2600000E+02       1.6423584E-03
       9.2700000E+02       1.6331656E-03
       9.2800000E+02       1.6240284E-03
       9.2900000E+02       1.6149450E-03
       9.3000000E+02       1.6059182E-03
       9.3100000E+02       1.5969458E-03
       9.3200000E+02       1.5880264E-03
       9.3300000E+02       1.5791613E-03
       9.3400000E+02       1.5703503E-03
       9.3500000E+02       1.5615919E-03
       9.3600000E+02       1.5528888E-03
       9.3700000E+02       1.5442352E-03
       9.3800000E+02       1.5356337E-03
       9.3900000E+02       1.5270864E-03
       9.4000000E+02       1.5185886E-03
       9.4100000E+02       1.5101422E-03
       9.4200000E+02       1.5017471E-03
       9.4300000E+02       1.4934031E-03
       9.4400000E+02       1.4851090E-03
       9.4500000E+02       1.4768642E-03
       9.4600000E+02       1.4686689E-03
       9.4700000E+02       1.4605232E-03
       9.4800000E+02       1.4524269E-03
       9.4900000E+02       1.4443788E-03
       9.5000000E+02       1.4363779E-03
       9.5100000E+02       1.4284260E-03
       9.5200000E+02       1.4205208E-03
       9.5300000E+02       1.4126640E-03
       9.5400000E+02       1.4048544E-03
       9.5500000E+02       1.3970908E-03
       9.5600000E+02       1.3893730E-03
       9.5700000E+02       1.3817017E-03
       9.5800000E+02       1.3740766E-03
       9.5900000E+02       1.3664970E-03
       9.6000000E+02       1.3589620E-03
       9.6100000E+02       1.3514722E-03
       9.6200000E+02       1.3440258E-03
       9.6300000E+02       1.3366257E-03
       9.6400000E+02       1.3292679E-03
       9.6500000E+02       1.3219536E-03
       9.6600000E+02       1.3146843E-03
       9.6700000E+02       1.3074564E-03
       9.6800000E+02       1.3002722E-03
       9.6900000E+02       1.2931299E-03
       9.7000000E+02       1.2860303E-03
       9.7100000E+02       1.2789727E-03
       9.7200000E+02       1.2719559E-03
       9.7300000E+02       1.2649816E-03
       9.7400000E+02       1.2580475E-03
       9.7500000E+02       1.2511549E-03
       9.7600000E+02       1.2443031E-03
       9.7700000E+02       1.2374908E-03
       9.7800000E+02       1.2307198E-03
       9.7900000E+02       1.2239879E-03
       9.8000000E+02       1.2172958E-03
       9.8100000E+02       1.2106423E-03
       9.8200000E+02       1.2040281E-03
       9.8300000E+02       1.1974542E-03
       9.8400000E+02       1.1909184E-03
       9.8500000E+02       1.1844198E-03
       9.8600000E+02       1.1779604E-03
       9.8700000E+02       1.1715387E-03
       9.8800000E+02       1.1651550E-03
       9.8900000E+02       1.1588086E-03
       9.9000000E+02       1.1524989E-03
       9.9100000E+02       1.1462265E-03
       9.9200000E+02       1.1399911E-03
       9.9300000E+02       1.1337927E-03
       9.9400000E+02       1.1276300E-03
       9.9500000E+02       1.1215034E-03
       9.9600000E+02       1.1154134E-03
       9.9700000E+02       1.1093585E-03
       9.9800000E+02       1.1033393E-03
       9.9900000E+02       1.0973552E-03
       1.0000000E+03       1.0914054E-03
       1.0010000E+03       1.0854919E-03
       1.0020000E+03       1.0796122E-03
       1.0030000E+03       1.0737665E-03
       1.0040000E+03       1.0679557E-03
       1.0050000E+03       1.0621786E-03
       1.0060000E+03       1.0564345E-03
       1.0070000E+03       1.0507256E-03
       1.0080000E+03       1.0450482E-03
       1.0090000E+03       1.0394051E-03
       1.0100000E+03       1.0337949E-03
       1.0110000E+03       1.0282163E-03
       1.0120000E+03       1.0226711E-03
       1.0130000E+03       1.0171575E-03
       1.0140000E+03       1.0116759E-03
       1.0150000E+03       1.0062272E-03
       1.0160000E+03       1.0008094E-03
       1.0170000E+03       9.9542330E-04
       1.0180000E+03       9.9006738E-04
       1.0190000E+03       9.8474335E-04
       1.0200000E+03       9.7944983E-04
       1.0210000E+03       9.7418757E-04
       1.0220000E+03       9.6895464E-04
       1.0230000E+03       9.6375274E-04
       1.0240000E+03       9.6075274E-04
