0.005	1.45379861451853E-5
0.01	5.81513179137528E-5
0.015	1.30837870016646E-4
0.02	2.32593754380795E-4
0.025	3.63413163062296E-4
0.03	5.23288252146297E-4
0.035	7.12209048117952E-4
0.04	9.3016336885803E-4
0.045	0.00117713675507121
0.05	0.00145311240961289
0.055	0.00175807114305489
0.06	0.00209199132433932
0.065	0.00245484883568803
0.07	0.00284661703114492
0.075	0.00326726669827225
0.08	0.00371676602262531
0.085	0.00419508055470424
0.09	0.00470217317913888
0.095	0.005238004085905
0.1	0.0058025307434042
0.105	0.00639570787326613
0.11	0.00701748742675298
0.115	0.0076678185626634
0.12	0.00834664762664718
0.125	0.00905391813185358
0.13	0.00978957074084605
0.135	0.0105535432487243
0.14	0.0113457705674014
0.145	0.0121661847109899
0.15	0.0130147147822553
0.155	0.0138912869601004
0.16	0.0147958244880479
0.165	0.0157282476636899
0.17	0.0166884738290793
0.175	0.0176764173620372
0.18	0.018691989668355
0.185	0.01973509917487
0.19	0.0208056513233972
0.195	0.0219035485654991
0.2	0.023028690358078
0.205	0.0241809731597772
0.21	0.0253602904281762
0.215	0.0265665326177694
0.22	0.0277995871787144
0.225	0.0290593385563406
0.23	0.0303456681914082
0.235	0.0316584545211067
0.24	0.0329975729807848
0.245	0.0343628960064035
0.25	0.0357542930377031
0.255	0.0371716305220785
0.26	0.0386147719191529
0.265	0.0400835777060457
0.27	0.0415779053833253
0.275	0.0430976094816427
0.28	0.0446425415690379
0.285	0.0462125502589143
0.29	0.0478074812186741
0.295	0.0494271771790111
0.3	0.0510714779438522
0.305	0.0527402204009457
0.31	0.0544332385330885
0.315	0.0561503634299881
0.32	0.0578914233007543
0.325	0.0596562434870148
0.33	0.0614446464766512
0.335	0.0632564519181483
0.34	0.0650914766355533
0.345	0.0669495346440404
0.35	0.0688304371660734
0.355	0.0707339926481646
0.36	0.0726600067782231
0.365	0.0746082825034872
0.37	0.0765786200490385
0.375	0.0785708169368894
0.38	0.0805846680056423
0.385	0.0826199654307124
0.39	0.0846764987451122
0.395	0.08675405486079
0.4	0.0888524180905186
0.405	0.0909713701703294
0.41	0.0931106902824852
0.415	0.0952701550789886
0.42	0.0974495387056183
0.425	0.0996486128264903
0.43	0.101867146649137
0.435	0.104104906950098
0.44	0.106361658101021
0.445	0.108637162095264
0.45	0.110931178574989
0.455	0.113243464858754
0.46	0.115573775969583
0.465	0.117921864663519
0.47	0.120287481458647
0.475	0.122670374664586
0.48	0.125070290412443
0.485	0.127486972685217
0.49	0.129920163348657
0.495	0.132369602182558
0.5	0.134835026912497
0.505	0.137316173241997
0.51	0.139812774885111
0.515	0.142324563599428
0.52	0.144851269219485
0.525	0.147392619690585
0.53	0.149948341103008
0.535	0.152518157726617
0.54	0.155101792045841
0.545	0.157698964795038
0.55	0.160309394994227
0.555	0.162932799985177
0.56	0.165568895467855
0.565	0.168217395537223
0.57	0.17087801272037
0.575	0.173550458013977
0.58	0.176234440922115
0.585	0.178929669494351
0.59	0.181635850364168
0.595	0.184352688787692
0.6	0.187079888682706
0.605	0.189817152667959
0.61	0.19256418210275
0.615	0.195320677126783
0.62	0.198086336700291
0.625	0.200860858644411
0.63	0.203643939681806
0.635	0.206435275477534
0.64	0.20923456068014
0.645	0.212041488962981
0.65	0.214855753065754
0.655	0.217677044836246
0.66	0.220505055272271
0.665	0.223339474563805
0.67	0.226179992135297
0.675	0.229026296688165
0.68	0.231878076243441
0.685	0.23473501818459
0.69	0.237596809300468
0.695	0.240463135828421
0.7	0.243333683497518
0.705	0.246208137571907
0.71	0.249086182894283
0.715	0.251967503929464
0.72	0.254851784808065
0.725	0.257738709370257
0.73	0.26062796120961
0.735	0.263519223717004
0.74	0.266412180124606
0.745	0.269306513549897
0.75	0.272201907039745
0.755	0.275098043614519
0.76	0.277994606312223
0.765	0.280891278232653
0.77	0.283787742581568
0.775	0.286683682714854
0.78	0.289578782182685
0.785	0.292472724773672
0.79	0.295365194558978
0.795	0.298255875936409
0.8	0.301144453674454
0.805	0.304030612956284
0.81	0.306914039423678
0.815	0.309794419220896
0.82	0.312671439038464
0.825	0.315544786156877
0.83	0.318414148490205
0.835	0.321279214629606
0.84	0.324139673886713
0.845	0.326995216336911
0.85	0.329845532862486
0.855	0.332690315195631
0.86	0.335529255961308
0.865	0.338362048719965
0.87	0.341188388010075
0.875	0.344007969390521
0.88	0.34682048948279
0.885	0.349625646012988
0.89	0.352423137853655
0.895	0.355212665065375
0.9	0.357993928938184
0.905	0.360766632032749
0.91	0.363530478221319
0.915	0.366285172728453
0.92	0.369030422171486
0.925	0.37176593460076
0.93	0.37449141953959
0.935	0.377206588023957
0.94	0.37991115264194
0.945	0.382604827572853
0.95	0.385287328626103
0.955	0.387958373279744
0.96	0.390617680718728
0.965	0.39326497187285
0.97	0.395899969454366
0.975	0.398522397995293
0.98	0.401131983884368
0.985	0.403728455403676
0.99	0.406311542764921
0.995	0.408880978145354
1	0.411436495723334
1.005	0.413977831713519
1.01	0.416504724401696
1.015	0.419016914179214
1.02	0.421514143577044
1.025	0.42399615729944
1.03	0.426462702257203
1.035	0.428913527600537
1.04	0.431348384751498
1.045	0.433767027436024
1.05	0.43616921171554
1.055	0.43855469601814
1.06	0.440923241169328
1.065	0.443274610422322
1.07	0.445608569487921
1.075	0.447924886563902
1.08	0.450223332363986
1.085	0.452503680146322
1.09	0.454765705741519
1.095	0.4570091875802
1.1	0.459233906720086
1.105	0.461439646872595
1.11	0.463626194428961
1.115	0.46579333848586
1.12	0.467940870870549
1.125	0.470068586165499
1.13	0.472176281732534
1.135	0.474263757736462
1.14	0.476330817168194
1.145	0.478377265867354
1.15	0.480402912544375
1.155	0.482407568802064
1.16	0.484391049156655
1.165	0.48635317105833
1.17	0.488293754911213
1.175	0.490212624092828
1.18	0.492109604973022
1.185	0.493984526932352
1.19	0.495837222379933
1.195	0.497667526770732
1.2	0.499475278622332
1.205	0.501260319531132
1.21	0.503022494188011
1.215	0.504761650393427
1.22	0.506477639071974
1.225	0.508170314286374
1.23	0.509839533250914
1.235	0.511485156344332
1.24	0.513107047122126
1.245	0.514705072328322
1.25	0.516279101906661
1.255	0.517829009011236
1.26	0.519354670016556
1.265	0.520855964527052
1.27	0.522332775386007
1.275	0.523784988683936
1.28	0.525212493766382
1.285	0.526615183241157
1.29	0.527992952985012
1.295	0.52934570214974
1.3	0.530673333167715
1.305	0.531975751756863
1.31	0.533252866925067
1.315	0.534504590974004
1.32	0.535730839502426
1.325	0.536931531408868
1.33	0.538106588893797
1.335	0.539255937461199
1.34	0.540379505919605
1.345	0.541477226382557
1.35	0.54254903426852
1.355	0.543594868300227
1.36	0.544614670503484
1.365	0.545608386205408
1.37	0.546575964032125
1.375	0.547517355905908
1.38	0.548432517041778
1.385	0.549321405943553
1.39	0.550183984399359
1.395	0.551020217476595
1.4	0.551830073516372
1.405	0.5526135241274
1.41	0.553370544179361
1.415	0.554101111795739
1.42	0.554805208346133
1.425	0.555482818438038
1.43	0.556133929908121
1.435	0.556758533812959
1.44	0.557356624419288
1.445	0.557928199193723
1.45	0.558473258791982
1.455	0.558991807047608
1.46	0.559483850960189
1.465	0.559949400683084
1.47	0.560388469510665
1.475	0.560801073865065
1.48	0.561187233282446
1.485	0.561546970398795
1.49	0.561880310935241
1.495	0.562187283682907
1.5	0.562467920487292
1.505	0.562722256232204
1.51	0.562950328823229
1.515	0.563152179170756
1.52	0.563327851172555
1.525	0.563477391695913
1.53	0.563600850559345
1.535	0.563698280513863
1.54	0.563769737223826
1.545	0.56381527924738
1.55	0.563834968016468
1.555	0.563828867816443
1.56	0.563797045765281
1.565	0.563739571792388
1.57	0.563656518617022
1.575	0.563547961726331
1.58	0.563413979353004
1.585	0.563254652452559
1.59	0.563070064680256
1.595	0.562860302367649
1.6	0.562625454498786
1.605	0.562365612686055
1.61	0.562080871145694
1.615	0.561771326672953
1.62	0.561437078616936
1.625	0.56107822885511
1.63	0.560694881767506
1.635	0.560287144210596
1.64	0.559855125490872
1.645	0.559398937338132
1.65	0.558918693878456
1.655	0.558414511606916
1.66	0.557886509359997
1.665	0.557334808287744
1.67	0.556759531825648
1.675	0.556160805666274
1.68	0.555538757730631
1.685	0.554893518139299
1.69	0.554225219183323
1.695	0.553533995294864
1.7	0.552819983017635
1.705	0.552083320977115
1.71	0.551324149850547
1.715	0.550542612336742
1.72	0.549738853125675
1.725	0.548913018867897
1.73	0.548065258143761
1.735	0.547195721432469
1.74	0.546304561080954
1.745	0.545391931272597
1.75	0.544457987995783
1.755	0.543502889012316
1.76	0.54252679382569
1.765	0.541529863649217
1.77	0.540512261374041
1.775	0.539474151537014
1.78	0.538415700288474
1.785	0.537337075359905
1.79	0.536238446031496
1.795	0.535119983099617
1.8	0.533981858844194
1.805	0.532824246996016
1.81	0.531647322703963
1.815	0.530451262502168
1.82	0.529236244277122
1.825	0.528002447234724
1.83	0.526750051867289
1.835	0.52547923992051
1.84	0.524190194360397
1.845	0.522883099340182
1.85	0.521558140167208
1.855	0.52021550326981
1.86	0.51885537616418
1.865	0.517477947421247
1.87	0.516083406633548
1.875	0.514671944382129
1.88	0.513243752203452
1.885	0.511799022556339
1.89	0.510337948788945
1.895	0.508860725105767
1.9	0.507367546534707
1.905	0.505858608894181
1.91	0.504334108760282
1.915	0.50279424343402
1.92	0.501239210908619
1.925	0.499669209836898
1.93	0.498084439498734
1.935	0.496485099768608
1.94	0.49487139108325
1.945	0.493243514409383
1.95	0.491601671211575
1.955	0.489946063420195
1.96	0.488276893399493
1.965	0.486594363915802
1.97	0.484898678105864
1.975	0.483190039445297
1.98	0.481468651717192
1.985	0.479734718980861
1.99	0.477988445540732
1.995	0.476230035915402
2	0.474459694806844
2.005	0.472677627069789
2.01	0.470884037681264
2.015	0.469079131710319
2.02	0.467263114287928
2.025	0.465436190577072
2.03	0.463598565743016
2.035	0.461750444923778
2.04	0.459892033200799
2.045	0.458023535569812
2.05	0.456145156911923
2.055	0.4542571019649
2.06	0.452359575294685
2.065	0.450452781267116
2.07	0.448536924019882
2.075	0.446612207434707
2.08	0.444678835109759
2.085	0.442737010332303
2.09	0.440786936051594
2.095	0.438828814852004
2.1	0.436862848926416
2.105	0.434889240049846
2.11	0.432908189553338
2.115	0.430919898298113
2.12	0.428924566649969
2.125	0.426922394453964
2.13	0.424913581009346
2.135	0.422898325044777
2.14	0.420876824693809
2.145	0.418849277470651
2.15	0.416815880246214
2.155	0.414776829224429
2.16	0.412732319918868
2.165	0.410682547129631
2.17	0.408627704920543
2.175	0.406567986596629
2.18	0.404503584681895
2.185	0.402434690897397
2.19	0.400361496139619
2.195	0.398284190459143
2.2	0.396202963039626
2.205	0.39411800217709
2.21	0.392029495259504
2.215	0.389937628746692
2.22	0.387842588150536
2.225	0.385744558015503
2.23	0.383643721899482
2.235	0.381540262354932
2.24	0.379434360910352
2.245	0.37732619805207
2.25	0.375215953206343
2.255	0.373103804721785
2.26	0.370989929852113
2.265	0.368874504739216
2.27	0.366757704396543
2.275	0.364639702692822
2.28	0.362520672336097
2.285	0.360400784858091
2.29	0.358280210598899
2.295	0.356159118692002
2.3	0.354037677049608
2.305	0.351916052348324
2.31	0.349794410015146
2.315	0.347672914213789
2.32	0.345551727831333
2.325	0.343431012465199
2.33	0.341310928410455
2.335	0.339191634647449
2.34	0.337073288829762
2.345	0.334956047272497
2.35	0.332840064940886
2.355	0.330725495439229
2.36	0.328612491000153
2.365	0.326501202474199
2.37	0.324391779319731
2.375	0.32228436959317
2.38	0.320179119939549
2.385	0.318076175583389
2.39	0.315975680319898
2.395	0.31387777650649
2.4	0.311782605054618
2.405	0.309690305421931
2.41	0.307601015604743
2.415	0.305514872130818
2.42	0.30343201005247
2.425	0.301352562939977
2.43	0.299276662875304
2.435	0.297204440446131
2.44	0.295136024740202
2.445	0.293071543339969
2.45	0.291011122317544
2.455	0.288954886229959
2.46	0.28690295811472
2.465	0.284855459485668
2.47	0.282812510329131
2.475	0.280774229100381
2.48	0.278740732720374
2.485	0.276712136572792
2.49	0.274688554501369
2.495	0.272670098807508
2.5	0.270656880248182
2.505	0.268649008034119
2.51	0.266646589828271
2.515	0.264649731744557
2.52	0.262658538346887
2.525	0.26067311264846
2.53	0.258693556111332
2.535	0.256719968646254
2.54	0.254752448612781
2.545	0.25279109281964
2.55	0.250835996525365
2.555	0.248887253439185
2.56	0.246944955722178
2.565	0.24500919398867
2.57	0.243080057307893
2.575	0.241157633205886
2.58	0.239242007667649
2.585	0.237333265139528
2.59	0.235431488531855
2.595	0.233536759221817
2.6	0.231649157056561
2.605	0.229768760356533
2.61	0.22789564591904
2.615	0.226029889022049
2.62	0.224171563428199
2.625	0.222320741389034
2.63	0.22047749364946
2.635	0.21864188945241
2.64	0.21681399654372
2.645	0.214993881177218
2.65	0.213181608120009
2.655	0.211377240657971
2.66	0.209580840601447
2.665	0.207792468291125
2.67	0.206012182604121
2.675	0.204240040960248
2.68	0.202476099328466
2.685	0.200720412233519
2.69	0.198973032762753
2.695	0.19723401257311
2.7	0.195503401898289
2.705	0.193781249556087
2.71	0.192067602955899
2.715	0.190362508106387
2.72	0.188666009623305
2.725	0.186978150737484
2.73	0.18529897330297
2.735	0.183628517805316
2.74	0.181966823370011
2.745	0.180313927771069
2.75	0.178669867439747
2.755	0.177034677473404
2.76	0.175408391644496
2.765	0.173791042409705
2.77	0.172182660919185
2.775	0.170583277025949
2.78	0.168992919295365
2.785	0.167411615014775
2.79	0.165839390203232
2.795	0.164276269621342
2.8	0.162722276781226
2.805	0.161177433956575
2.81	0.159641762192817
2.815	0.158115281317379
2.82	0.15659800995005
2.825	0.15508996551343
2.83	0.153591164243476
2.835	0.152101621200128
2.84	0.150621350278031
2.845	0.149150364217322
2.85	0.147688674614506
2.855	0.146236291933406
2.86	0.144793225516177
2.865	0.1433594835944
2.87	0.14193507330023
2.875	0.140520000677618
2.88	0.139114270693585
2.885	0.137717887249554
2.89	0.136330853192741
2.895	0.134953170327592
2.9	0.133584839427267
2.905	0.132225860245178
2.91	0.130876231526559
2.915	0.129535951020083
2.92	0.128205015489511
2.925	0.126883420725382
2.93	0.125571161556728
2.935	0.124268231862819
2.94	0.122974624584937
2.945	0.121690331738171
2.95	0.120415344423234
2.955	0.119149652838297
2.96	0.117893246290842
2.965	0.11664611320952
2.97	0.115408241156031
2.975	0.114179616837004
2.98	0.112960226115881
2.985	0.111750054024813
2.99	0.110549084776551
2.995	0.109357301776331
3	0.108174687633766
3.005	0.10700122417472
3.01	0.105836892453185
3.015	0.104681672763135
3.02	0.103535544650374
3.025	0.10239848692437
3.03	0.101270477670067
3.035	0.100151494259679
3.04	0.0990415133644613
3.045	0.0979405109664612
3.05	0.096848462370238
3.055	0.0957653422145586
3.06	0.0946911244840608
3.065	0.0936257825208863
3.07	0.0925692890362792
3.075	0.0915216161221479
3.08	0.0904827352625902
3.085	0.0894526173453793
3.09	0.0884312326734067
3.095	0.0874185509760843
3.1	0.0864145414207001
3.105	0.0854191726237272
3.11	0.0844324126620857
3.115	0.0834542290843544
3.12	0.0824845889219302
3.125	0.0815234587001349
3.13	0.080570804449268
3.135	0.0796265917156025
3.14	0.0786907855723235
3.145	0.0777633506304075
3.15	0.0768442510494412
3.155	0.0759334505483788
3.16	0.075030912416236
3.165	0.0741365995227185
3.17	0.0732504743287856
3.175	0.072372498897147
3.18	0.0715026349026899
3.185	0.0706408436428373
3.19	0.0697870860478367
3.195	0.0689413226909741
3.2	0.0681035137987182
3.205	0.0672736192607887
3.21	0.0664515986401492
3.215	0.0656374111829264
3.22	0.0648310158282487
3.225	0.0640323712180104
3.23	0.0632414357065543
3.235	0.0624581673702754
3.24	0.0616825240171443
3.245	0.0609144631961492
3.25	0.0601539422066538
3.255	0.0594009181076751
3.26	0.0586553477270744
3.265	0.0579171876706662
3.27	0.0571863943312398
3.275	0.0564629238974967
3.28	0.0557467323629012
3.285	0.0550377755344427
3.29	0.0543360090413121
3.295	0.0536413883434883
3.3	0.0529538687402378
3.305	0.0522734053785236
3.31	0.0515999532613251
3.315	0.0509334672558679
3.32	0.0502739021017631
3.325	0.0496212124190559
3.33	0.0489753527161826
3.335	0.0483362773978361
3.34	0.0477039407727403
3.345	0.0470782970613312
3.35	0.0464593004033471
3.355	0.0458469048653244
3.36	0.0452410644480022
3.365	0.0446417330936333
3.37	0.0440488646932021
3.375	0.0434624130935494
3.38	0.0428823321044033
3.385	0.0423085755053172
3.39	0.0417410970525147
3.395	0.0411798504856401
3.4	0.0406247895344155
3.405	0.0400758679252048
3.41	0.0395330393874842
3.415	0.038996257660218
3.42	0.0384654764981435
3.425	0.0379406496779596
3.43	0.0374217310044245
3.435	0.036908674316359
3.44	0.0364014334925579
3.445	0.0358999624576074
3.45	0.0354042151876114
3.455	0.0349141457158238
3.46	0.0344297081381901
3.465	0.0339508566187966
3.47	0.0334775453952273
3.475	0.0330097287838306
3.48	0.0325473611848937
3.485	0.0320903970877278
3.49	0.031638791075661
3.495	0.0311924978309425
3.5	0.0307514721395565
3.505	0.030315668895947
3.51	0.0298850431076534
3.515	0.0294595498998574
3.52	0.0290391445198422
3.525	0.0286237823413638
3.53	0.0282134188689346
3.535	0.0278080097420207
3.54	0.0274075107391531
3.545	0.0270118777819519
3.55	0.026621066939066
3.555	0.0262350344300287
3.56	0.0258537366290265
3.565	0.0254771300685873
3.57	0.0251051714431823
3.575	0.0247378176127474
3.58	0.0243750256061215
3.585	0.0240167526244032
3.59	0.0236629560442266
3.595	0.0233135934209572
3.6	0.0229686224918073
3.605	0.0226280011788725
3.61	0.0222916875920899
3.615	0.0219596400321179
3.62	0.0216318169931391
3.625	0.0213081771655866
3.63	0.0209886794387939
3.635	0.0206732829035696
3.64	0.0203619468546981
3.645	0.0200546307933652
3.65	0.0197512944295112
3.655	0.0194518976841115
3.66	0.0191564006913844
3.665	0.0188647638009285
3.67	0.0185769475797891
3.675	0.0182929128144554
3.68	0.0180126205127879
3.685	0.0177360319058775
3.69	0.0174631084498376
3.695	0.0171938118275286
3.7	0.0169281039502163
3.705	0.0166659469591653
3.71	0.016407303227167
3.715	0.016152135360004
3.72	0.0159004061978512
3.725	0.0156520788166146
3.73	0.0154071165292078
3.735	0.015165482886768
3.74	0.0149271416798115
3.745	0.01469205693933
3.75	0.0144601929378275
3.755	0.0142315141903001
3.76	0.0140059854551577
3.765	0.0137835717350899
3.77	0.013564238277876
3.775	0.0133479505771394
3.78	0.0131346743730491
3.785	0.0129243756529665
3.79	0.0127170206520401
3.795	0.0125125758537484
3.8	0.0123110079903915
3.805	0.0121122840435316
3.81	0.0119163712443853
3.815	0.0117232370741655
3.82	0.0115328492643763
3.825	0.0113451757970596
3.83	0.0111601849049959
3.835	0.0109778450718581
3.84	0.0107981250323217
3.845	0.010620993772129
3.85	0.0104464205281105
3.855	0.0102743747881633
3.86	0.010104826291187
3.865	0.00993774502697861
3.87	0.00977310123608617
3.875	0.00961086540962271
3.88	0.00945100828904093
3.885	0.00929350086586911
3.89	0.00913831438140944
3.895	0.00898542032639901
3.9	0.00883479044063436
3.905	0.00868639671256051
3.91	0.00854021137882485
3.915	0.0083962069237967
3.92	0.00825435607905325
3.925	0.00811463182283254
3.93	0.00797700737945442
3.935	0.0078414562187095
3.94	0.00770795205521766
3.945	0.007576468847756
3.95	0.00744698079855744
3.955	0.00731946235258031
3.96	0.00719388819674979
3.965	0.00707023325917159
3.97	0.006948472708319
3.975	0.00682858195219324
3.98	0.00671053663745846
3.985	0.00659431264855159
3.99	0.00647988610676774
3.995	0.00636723336932188
4	0.00625633102838726
4.005	0.00614715591011141
4.01	0.0060396850736099
4.015	0.00593389580993906
4.02	0.00582976564104763
4.025	0.00572727231870853
4.03	0.00562639382343053
4.035	0.00552710836335146
4.04	0.00542939437311244
4.045	0.00533323051271451
4.05	0.00523859566635784
4.055	0.00514546894126396
4.06	0.00505382966648192
4.065	0.0049636573916787
4.07	0.00487493188591426
4.075	0.00478763313640204
4.08	0.00470174134725539
4.085	0.0046172369382201
4.09	0.00453410054339399
4.095	0.00445231300993387
4.1	0.00437185539675018
4.105	0.0042927089731901
4.11	0.00421485521770953
4.115	0.00413827581653417
4.12	0.00406295266231054
4.125	0.00398886785274714
4.13	0.0039160036892463
4.135	0.00384434267552719
4.14	0.0037738675162403
4.145	0.00370456111557409
4.15	0.00363640657585389
4.155	0.00356938719613375
4.16	0.00350348647078159
4.165	0.003438688088058
4.17	0.00337497592868911
4.175	0.003312334064434
4.18	0.0032507467566469
4.185	0.00319019845483473
4.19	0.00313067379521034
4.195	0.00307215759924161
4.2	0.00301463487219699
4.205	0.00295809080168797
4.21	0.00290251075620829
4.215	0.00284788028367095
4.22	0.0027941851099428
4.225	0.00274141113737733
4.23	0.00268954444334589
4.235	0.00263857127876775
4.24	0.00258847806663917
4.245	0.00253925140056194
4.25	0.00249087804327166
4.255	0.00244334492516594
4.26	0.00239663914283304
4.265	0.00235074795758106
4.27	0.00230565879396792
4.275	0.00226135923833272
4.28	0.00221783703732827
4.285	0.00217508009645558
4.29	0.00213307647860008
4.295	0.00209181440257024
4.3	0.00205128224163856
4.305	0.00201146852208524
4.31	0.00197236192174491
4.315	0.00193395126855647
4.32	0.00189622553911625
4.325	0.00185917385723501
4.33	0.00182278549249862
4.335	0.00178704985883284
4.34	0.00175195651307236
4.345	0.00171749515353439
4.35	0.00168365561859676
4.355	0.00165042788528103
4.36	0.00161780206784054
4.365	0.0015857684163537
4.37	0.00155431731532272
4.375	0.0015234392822779
4.38	0.00149312496638763
4.385	0.00146336514707429
4.39	0.00143415073263626
4.395	0.00140547275887609
4.4	0.00137732238773509
4.405	0.00134969090593432
4.41	0.00132256972362237
4.415	0.00129595037302978
4.42	0.00126982450713047
4.425	0.00124418389831018
4.43	0.00121902043704203
4.435	0.00119432613056944
4.44	0.00117009310159636
4.445	0.00114631358698506
4.45	0.00112297993646148
4.455	0.0011000846113284
4.46	0.00107762018318625
4.465	0.00105557933266195
4.47	0.00103395484814576
4.475	0.00101273962453609
4.48	9.91926661992617E-4
4.485	9.71509064697521E-4
4.49	9.51480039625148E-4
4.495	9.31832895319991E-4
4.5	9.12561040683187E-4
4.505	8.93657983767501E-4
4.51	8.75117330580924E-4
4.515	8.56932783898914E-4
4.52	8.3909814208535E-4
4.525	8.21607297922233E-4
4.53	8.04454237448195E-4
4.535	7.87633038805875E-4
4.54	7.71137871098183E-4
4.545	7.54962993253503E-4
4.55	7.39102752899861E-4
4.555	7.23551585248129E-4
4.56	7.08304011984237E-4
4.565	6.93354640170491E-4
4.57	6.78698161155954E-4
4.575	6.64329349495972E-4
4.58	6.50243061880821E-4
4.585	6.36434236073533E-4
4.59	6.22897889856892E-4
4.595	6.09629119989604E-4
4.6	5.96623101171682E-4
4.605	5.83875085019049E-4
4.61	5.71380399047324E-4
4.615	5.59134445664852E-4
4.62	5.4713270117496E-4
4.625	5.35370714787403E-4
4.63	5.2384410763906E-4
4.635	5.12548571823822E-4
4.64	5.01479869431705E-4
4.645	4.90633831597135E-4
4.65	4.80006357556454E-4
4.655	4.69593413714572E-4
4.66	4.59391032720787E-4
4.665	4.49395312553772E-4
4.67	4.39602415615652E-4
4.675	4.30008567835219E-4
4.68	4.20610057780215E-4
4.685	4.11403235778692E-4
4.69	4.02384513049399E-4
4.695	3.93550360841185E-4
4.7	3.84897309581387E-4
4.705	3.76421948033183E-4
4.71	3.68120922461857E-4
4.715	3.59990935809966E-4
4.72	3.52028746881365E-4
4.725	3.4423116953406E-4
4.73	3.36595071881851E-4
4.735	3.29117375504729E-4
4.74	3.21795054667981E-4
4.745	3.14625135549985E-4
4.75	3.07604695478624E-4
4.755	3.00730862176314E-4
4.76	2.94000813013558E-4
4.765	2.8741177427103E-4
4.77	2.80961020410106E-4
4.775	2.74645873351829E-4
4.78	2.68463701764225E-4
4.785	2.62411920357955E-4
4.79	2.56487989190238E-4
4.795	2.50689412977006E-4
4.8	2.45013740413228E-4
4.805	2.39458563501358E-4
4.81	2.34021516887869E-4
4.815	2.28700277207797E-4
4.82	2.23492562437258E-4
4.825	2.18396131253887E-4
4.83	2.13408782405132E-4
4.835	2.08528354084356E-4
4.84	2.03752723314703E-4
4.845	1.99079805340639E-4
4.85	1.94507553027162E-4
4.855	1.90033956266569E-4
4.86	1.85657041392771E-4
4.865	1.81374870603064E-4
4.87	1.77185541387324E-4
4.875	1.73087185964548E-4
4.88	1.69077970726688E-4
4.885	1.6515609568973E-4
4.89	1.61319793951943E-4
4.895	1.57567331159254E-4
4.9	1.53897004977666E-4
4.905	1.50307144572695E-4
4.91	1.46796110095722E-4
4.915	1.4336229217724E-4
4.92	1.40004111426916E-4
4.925	1.36720017940394E-4
4.93	1.33508490812813E-4
4.935	1.3036803765895E-4
4.94	1.27297194139936E-4
4.945	1.24294523496483E-4
4.95	1.2135861608857E-4
4.955	1.18488088941507E-4
4.96	1.15681585298345E-4
4.965	1.1293777417853E-4
4.97	1.10255349942783E-4
4.975	1.0763303186412E-4
4.98	1.05069563704947E-4
4.985	1.02563713300185E-4
4.99	1.00114272146362E-4
4.995	9.77200549965908E-5
5	9.53798994614008E-5
