1.000000000000000048e-04 5.000000000000000104e-03
1.768743718592964698e-02 2.000000000000000042e-02
3.527487437185929803e-02 5.000000000000000278e-02
5.286231155778894908e-02 1.000000000000000056e-01
7.044974874371859319e-02 1.499999999999999944e-01
8.803718592964823730e-02 2.051578271584117985e-01
1.056246231155778953e-01 2.295468648362840591e-01
1.232120603015075394e-01 2.529757191589144805e-01
1.407994974874371696e-01 2.754625541081837103e-01
1.583869346733668138e-01 2.970253823775350077e-01
1.759743718592964579e-01 3.176820653719731880e-01
1.935618090452261020e-01 3.374503132080657886e-01
2.111492462311557738e-01 3.563476847139424031e-01
2.287366834170854180e-01 3.743915874292945700e-01
2.463241206030150621e-01 3.915992776053763280e-01
2.639115577889447062e-01 4.079878602050037162e-01
2.814989949748743503e-01 4.235742889025552738e-01
2.990864321608039944e-01 4.383753660839713739e-01
3.166738693467336385e-01 4.524077428467547235e-01
3.342613065326632826e-01 4.656879189999702517e-01
3.518487437185929267e-01 4.782322430642453326e-01
3.694361809045225709e-01 4.900569122717690629e-01
3.870236180904522150e-01 5.011779725662929286e-01
4.046110552763818591e-01 5.116113186031308047e-01
4.221984924623115587e-01 5.213726937491582891e-01
4.397859296482412028e-01 5.304776900828138686e-01
4.573733668341708469e-01 5.389417483940976972e-01
4.749608040201004910e-01 5.467801581845722625e-01
4.925482412060301352e-01 5.540080576673623858e-01
5.101356783919597238e-01 5.606404337671546667e-01
5.277231155778894234e-01 5.666921221201987047e-01
5.453105527638190120e-01 5.721778070743054334e-01
5.628979899497487116e-01 5.771120216888485643e-01
5.804854271356784112e-01 5.815091477347635873e-01
5.980728643216079998e-01 5.853834156945486589e-01
6.156603015075376995e-01 5.887489047622633809e-01
6.332477386934672881e-01 5.916195428435306880e-01
6.508351758793969877e-01 5.940091065555345162e-01
6.684226130653265763e-01 5.959312212270222453e-01
6.860100502512562759e-01 5.973993608983019232e-01
7.035974874371858645e-01 5.984268483212451528e-01
7.211849246231155641e-01 5.990268549592853153e-01
7.387723618090451527e-01 5.992124009874173485e-01
7.563597989949748523e-01 5.989963552921996337e-01
7.739472361809044409e-01 5.983914354717513318e-01
7.915346733668341406e-01 5.974102078357551582e-01
8.091221105527637292e-01 5.960650874054550519e-01
8.267095477386934288e-01 5.943683379136573963e-01
8.442969849246231284e-01 5.923320718047310196e-01
8.618844221105527170e-01 5.899682502346069723e-01
8.794718592964824166e-01 5.872886830707779726e-01
8.970592964824120052e-01 5.843050288922994051e-01
9.146467336683417049e-01 5.810287949897890991e-01
9.322341708542712935e-01 5.774713373654262183e-01
9.498216080402009931e-01 5.736438607329524819e-01
9.674090452261305817e-01 5.695574185176727200e-01
9.849964824120602813e-01 5.652229128564524308e-01
1.002583919597989981e+00 5.606510945977202232e-01
1.020171356783919459e+00 5.558525633014677059e-01
1.037758793969849158e+00 5.508377672392464897e-01
1.055346231155778858e+00 5.456170033941716291e-01
1.072933668341708557e+00 5.402004174609210674e-01
1.090521105527638035e+00 5.345980038457345263e-01
1.108108542713567735e+00 5.288196056664121736e-01
1.125695979899497434e+00 5.228749147523193974e-01
1.143283417085427134e+00 5.167734716443820320e-01
1.160870854271356833e+00 5.105246655950869128e-01
1.178458291457286311e+00 5.041377345684857625e-01
1.196045728643216011e+00 4.976217652401909164e-01
1.213633165829145710e+00 4.909856929973778761e-01
1.231220603015075410e+00 4.842383019387821452e-01
1.248808040201004887e+00 4.773882248747046697e-01
1.266395477386934587e+00 4.704439433270053983e-01
1.283982914572864287e+00 4.634137875291085007e-01
1.301570351758793986e+00 4.563059364260003692e-01
1.319157788944723464e+00 4.491284176742278422e-01
1.336745226130653164e+00 4.418891076419028674e-01
1.354332663316582863e+00 4.345957314086958401e-01
1.371920100502512563e+00 4.272558627658429864e-01
1.389507537688442040e+00 4.198769242161401460e-01
1.407094974874371740e+00 4.124661869739469355e-01
1.424682412060301440e+00 4.050307709651843058e-01
1.442269849246231139e+00 3.975776448273352082e-01
1.459857286432160839e+00 3.901136259094464820e-01
1.477444723618090316e+00 3.826453802721246356e-01
1.495032160804020016e+00 3.751794226875397875e-01
1.512619597989949716e+00 3.677221166394252228e-01
1.530207035175879415e+00 3.602796743230744503e-01
1.547794472361808893e+00 3.528581566453449780e-01
1.565381909547738593e+00 3.454634732246534279e-01
1.582969346733668292e+00 3.381013823909838623e-01
1.600556783919597992e+00 3.307774911858777922e-01
1.618144221105527469e+00 3.234972553624400060e-01
1.635731658291457169e+00 3.162659793853387358e-01
1.653319095477386869e+00 3.090888164308033814e-01
1.670906532663316568e+00 3.019707683866266756e-01
1.688493969849246268e+00 2.949166858521632406e-01
1.706081407035175745e+00 2.879312681383285333e-01
1.723668844221105445e+00 2.810190632675999001e-01
1.741256281407035145e+00 2.741844679740211843e-01
1.758843718592964844e+00 2.674317277031928453e-01
1.776431155778894322e+00 2.607649366122817836e-01
1.794018592964824022e+00 2.541880375700141248e-01
1.811606030150753721e+00 2.477048221566792996e-01
1.829193467336683421e+00 2.413189306641301268e-01
1.846780904522612898e+00 2.350338520957793997e-01
1.864368341708542598e+00 2.288529241666044656e-01
1.881955778894472298e+00 2.227793333031434786e-01
1.899543216080401997e+00 2.168161146434957609e-01
1.917130653266331475e+00 2.109661520373244392e-01
1.934718090452261174e+00 2.052321780458556955e-01
1.952305527638190874e+00 1.996167739418771570e-01
1.969892964824120574e+00 1.941223697097365641e-01
1.987480402010050273e+00 1.887512440453450457e-01
2.005067839195980195e+00 1.835055243561760641e-01
2.022655276381909673e+00 1.783871867612688844e-01
2.040242713567839150e+00 1.733980560912185831e-01
2.057830150753769072e+00 1.685398058881875105e-01
2.075417587939698549e+00 1.638139584058961040e-01
2.093005025125628471e+00 1.592218846096290497e-01
2.110592462311557949e+00 1.547648041762364202e-01
2.128179899497487426e+00 1.504437854941222674e-01
2.145767336683417348e+00 1.462597456632641069e-01
2.163354773869346825e+00 1.422134504951905465e-01
2.180942211055276303e+00 1.383055145129999386e-01
2.198529648241206225e+00 1.345364009513481396e-01
2.216117085427135702e+00 1.309064217564576971e-01
2.233704522613065624e+00 1.274157375861079411e-01
2.251291959798995101e+00 1.240643578096471550e-01
2.268879396984924579e+00 1.208521405079781424e-01
2.286466834170854501e+00 1.177787924735743258e-01
2.304054271356783978e+00 1.148438692104625514e-01
2.321641708542713900e+00 1.120467749342387714e-01
2.339229145728643378e+00 1.093867625720549991e-01
2.356816582914572855e+00 1.068629337626338383e-01
2.374404020100502777e+00 1.044742388562524410e-01
2.391991457286432254e+00 1.022194769147540955e-01
2.409578894472361732e+00 1.000972957115396078e-01
2.427166331658291654e+00 9.810619173158155459e-02
2.444753768844221131e+00 9.624451017140363274e-02
2.462341206030151053e+00 9.451044493909532829e-02
2.479928643216080530e+00 9.290203865431750918e-02
2.497516080402010008e+00 9.141718264827955465e-02
2.515103517587939930e+00 9.005361696375925595e-02
2.532690954773869407e+00 8.799999999999999489e-02
2.550278391959799329e+00 8.500000000000000611e-02
2.567865829145728807e+00 8.300000000000000433e-02
2.585453266331658284e+00 7.599999999999999811e-02
2.603040703517588206e+00 7.299999999999999545e-02
2.620628140703517683e+00 7.000000000000000666e-02
2.638215577889447161e+00 6.800000000000000488e-02
2.655803015075377083e+00 6.600000000000000311e-02
2.673390452261306560e+00 6.400000000000000133e-02
2.690977889447236482e+00 6.199999999999999956e-02
2.708565326633165959e+00 5.999999999999999778e-02
2.726152763819095437e+00 5.800000000000000294e-02
2.743740201005025359e+00 5.500000000000000028e-02
2.761327638190954836e+00 5.199999999999999761e-02
2.778915075376884314e+00 5.000000000000000278e-02
2.796502512562814236e+00 4.800000000000000100e-02
2.814089949748743713e+00 4.399999999999999745e-02
2.831677386934673635e+00 4.200000000000000261e-02
2.849264824120603112e+00 4.000000000000000083e-02
2.866852261306532590e+00 3.799999999999999906e-02
2.884439698492462512e+00 3.599999999999999728e-02
2.902027135678391989e+00 3.400000000000000244e-02
2.919614572864321911e+00 3.200000000000000067e-02
2.937202010050251388e+00 2.999999999999999889e-02
2.954789447236180866e+00 2.800000000000000058e-02
2.972376884422110788e+00 2.699999999999999969e-02
2.989964321608040265e+00 2.599999999999999881e-02
3.007551758793969743e+00 2.299999999999999961e-02
3.025139195979899664e+00 2.000000000000000042e-02
3.042726633165829142e+00 1.799999999999999864e-02
3.060314070351759064e+00 1.600000000000000033e-02
3.077901507537688541e+00 1.400000000000000029e-02
3.095488944723618019e+00 1.200000000000000025e-02
3.113076381909547941e+00 1.000000000000000021e-02
3.130663819095477418e+00 8.000000000000000167e-03
3.148251256281407340e+00 6.000000000000000125e-03
3.165838693467336817e+00 4.000000000000000083e-03
3.183426130653266295e+00 2.000000000000000042e-03
3.201013567839196217e+00 8.999999999999999754e-04
3.218601005025125694e+00 8.000000000000000383e-04
3.236188442211055172e+00 6.999999999999999929e-04
3.253775879396985093e+00 4.000000000000000192e-04
3.271363316582914571e+00 1.000000000000000082e-05
3.288950753768844493e+00 1.000000000000000082e-05
3.306538190954773970e+00 1.000000000000000082e-05
3.324125628140703448e+00 1.000000000000000082e-05
3.341713065326633370e+00 1.000000000000000082e-05
3.359300502512562847e+00 1.000000000000000082e-05
3.376887939698492769e+00 1.000000000000000082e-05
3.394475376884422246e+00 1.000000000000000082e-05
3.412062814070351724e+00 1.000000000000000082e-05
3.429650251256281646e+00 1.000000000000000082e-05
3.447237688442211123e+00 1.000000000000000082e-05
3.464825125628140601e+00 1.000000000000000082e-05
3.482412562814070522e+00 1.000000000000000082e-05
3.500000000000000000e+00 1.000000000000000082e-05
